requirement_en,entry,read,write,exit,cfp,interaction,communication,process,microm,entry_pred,read_pred,write_pred,exit_pred,cfp_pred,interaction_pred,communication_pred,process_pred,microm_pred
"Open add stationary cost page. ""Enter stationary cost information, Academic Year - Semester - University - College - Amount - Ex-Rate to USD"" Click Add button. New stationary cost page is added",1,0,1,0,2,1,1,0,2,1,0,1,0,2,1,1,0,2
"Customer indicates he wants to place an order for the current product being displayed. The system displays the customer's information: name, street, city, zip, phone, email. The customer may add or change any of the information. The system stores any changes. If the zipcode has changed, the system modifies the customer's location. The system requests the quantity to order and the shipping address. The customer enters quantity and shipping address. The system displays the payment options available to this customer. The customer selects a payment option. The system completes the payment by executing depending on which option was selected.The system stores the order information, decreases the quantity on hand for the product and sends the order details to Shipping. The system displays a order completion message and sends a receipt to the user. If the quantity on hand is not sufficient for this order, a message is sent to the customer and the use case is canceled, saved changes are deleted.",4,2,4,4,14,8,5,0,13,2,2,1,3,8,5,3,1,9
Open scholarship freezing requests page. System shall display scholarship freezing requests data,1,1,0,1,3,2,1,0,3,1,1,0,1,3,2,1,0,3
HCP EHR System imports the list of current medications into the HCP EHR System. HCP views the generated list of current medications from his / her own HCP EHR System.,0,0,1,1,2,1,1,0,2,1,1,1,1,4,3,1,0,4
Open display assets page. Click on asset name or details button. System open asset details page,1,1,0,1,3,2,1,0,3,1,1,0,1,3,2,1,0,3
System produces a list of requests for the advisor to look at. Advisor responds to a request. System returns to the “request advisor” use case with the advisor’s response. Advisor repeats steps 3 and 4 until there are no requests left or until they do not wish to continue.,1,1,1,2,5,3,2,0,5,1,1,1,2,5,3,2,1,6
User browses to the sign in page. User writes down his/her email address and the password to access an account. User clicks sign in button System redirects every user to a page according to their authorization.,1,1,0,1,3,2,1,1,4,1,0,0,1,2,3,1,1,5
User enters resource name. User enters resource work zone. User enters cost. User clicks “Add Resource”. System saves the resource.,1,0,1,0,2,1,1,0,2,1,0,1,1,3,2,1,0,3
"Website renders the application page, which contains the relevant school's specialized form. Applicant provides the necessary inputs for the form elements. Applicant clicks on the ""Review"" button. Website renders an alert box that contains the inputted information for the applicant to control. Applicant downloads the documents that s/he wants the review for the last time. Applicant clicks on the ""Submit"" button.",2,0,0,0,2,2,0,0,2,3,0,0,1,4,4,1,1,6
Tenant enters the microsite. Tenant fills the related fields. Tenant passes the recaptcha test. Tenant clicks the submit button.,1,0,0,0,1,1,0,0,1,1,0,0,1,2,2,1,0,3
Open calendar page. Click add new button. Enter calendar name. Click add button. New calendar is added,1,0,1,0,2,1,1,0,2,1,0,1,0,2,1,1,0,2
"User can click to the applicant to see applicant details. System displays personal information of the applicant. User can click the open buttons of the given documents. System opens the document in a new tab. Disable set an interview button if interview is set To set an interview, user can click the enabled “set an interview” To cancel an interview, user can click the “cancel the interview” button.",2,5,0,5,12,4,5,3,12,3,1,1,1,6,4,1,1,6
"EABDB click the pending request button. System open request module page. EABDB can see the messages in the his/her requests. EABDB select the inbox button and system shows the inbox. EABDB can see the messages in the his/her requests. EABDB click the system message. EABDB control students informations, advisor information and thesis name. EABDB fill the anti-spam field. EABDB submit for correction in status field. EABDB click the save changes button. System transmits this operation to EABDB pending requests’s outbox. System transmits this operation to student pending requests’s inbox. System send a notification to advisor and student",4,0,2,3,9,7,2,0,9,3,2,2,3,10,5,4,0,9
"The Use Case starts when user opens the set weekly schedule page. The user specifies the courses on the schedule. The user enters the class information about the schedule, for example schedule can belong to 3th class students only, then clicks the save button. The schedule changes are saved to database. The system shows a success message",1,0,1,1,3,2,1,0,3,1,0,1,1,3,3,1,0,4
Choose the student you judge. Upload announcement file. Press assign button. The file is sent to the student.,1,0,0,1,2,2,0,1,3,1,0,1,0,2,1,1,0,2
User Clicks “Task Management” from navbar. User finds the task to update from the table. User clicks the update button of the related task. System updates the task.,2,0,1,0,3,2,1,0,3,2,0,1,1,4,2,1,0,3
"Candidate chooses the option that indicates that they will try to login as a candidate. System asks the voter for their IZTECH account name and password and also the code that is given to the candidates to prove they are indeed a candidate. The candidate enters their IZTECH account name, password, and the code. System allows access to the website.",2,0,0,2,4,2,2,1,5,2,1,0,2,5,3,2,1,6
User open change password page. Enter old password. Enter new password. Enter confirm new password. Click change password button. If change password process is failed since new password does not match with confirm new password. Error message is shown by the system to the user.,1,1,0,1,3,2,1,1,4,2,0,1,1,4,2,1,1,4
Click edit button for specific academic year. System open academic year edit page. User can edit academic year. Click Save button. Academic year page changes has been saved,2,1,1,1,5,3,2,0,5,2,1,1,1,5,3,1,0,4
"Open display colleges categories page System shall display colleges categories basic information, Arabic Name - English Name - Type - Study Years""",1,1,0,1,3,2,1,0,3,1,1,0,1,3,1,1,0,2
If the Reader selects to search articles by category. The system creates and presents a list of all categories in the database. The Reader selects a category. The system creates and presents a list of all articles in that category in the database.,2,2,0,2,6,4,2,0,6,2,2,0,2,6,4,2,0,6
Open add contact page. Enter contact information. User can add other dynamic data to contact information. Click Add button. New contact added,1,0,1,0,2,1,1,0,2,1,0,1,0,2,2,1,0,3
Student fill the name and surname field. Student fill the student ID field. Student fill the advisor field.  Student click the save changes button System saves changes Student click connect to OBS field. System take the student information from OBS. Student filled the anti-spam field. System send a notification to student. Student click the print button to print. Result is printed,4,1,1,2,8,5,3,0,8,3,1,1,2,7,4,2,0,6
The admin enters  modifies table data. The web app saves the change. The web app displays Error/Confirmation messages.,1,0,1,1,3,2,1,0,3,1,0,1,1,3,2,1,0,3
The advisor sees the student's thesis topic. Advisor accepts or reject the student's thesis topic.,1,0,0,0,1,1,0,0,1,1,0,0,0,1,1,0,0,1
"The admin chooses the ""Notification Management"" tab from the menu. The admin chooses the “Send Notification” tab from the submenu. The system opens a table that contains a list of latest events from the website. The admin ticks the events to send. The admin click ""Apply Offered Courses"" option. System updates the offered courses data on database. The system refreshes the course list page with new data.",2,2,1,2,7,4,3,0,7,2,1,1,2,6,4,2,0,6
Display all student transference requests. Click approve button for specific student transference requests. Confirm message is shown. Click Ok button. Scholarship termination has been approved.,1,0,1,0,2,1,1,0,2,1,0,1,0,2,1,1,0,2
Open Display users page. System shall display users’ basic information.,0,1,0,1,2,1,1,0,2,1,1,0,1,3,2,1,0,3
The admin enters the desired table. The web app retrieves the Table data from the database. The web app displays the data of the selected table to the admin.,1,1,0,1,3,2,1,0,3,1,1,0,1,3,2,1,0,3
Click “All Notification” button. System displayed list of latest notification with the  following data. User can filter list by sender. System mark seen and unseen notifications  with different color or signs.,1,1,0,1,3,2,1,0,3,1,1,1,1,4,2,1,0,3
Open display all E-Work applications page. Click on details button. System open E-Work application details page. User can add E-Work Interviews Scores. Click on approve button. E-Work application has been approved,2,1,1,1,5,3,2,0,5,2,1,0,1,4,3,1,0,4
Display all internships. Click delete button for specific internship. Confirm message is shown. Click Ok button. Internship has been deleted,1,0,1,0,2,0,1,0,1,1,0,1,0,2,1,1,0,2
User indicates that he wants to login. The system requests the username and password. The user enters his username and password. The system verifies the username and password against all registered users. The system starts a login session and displays a welcome message based on the user's preferences.,1,1,0,1,3,2,1,0,3,1,0,0,1,2,3,1,1,5
"Department sets the details: name, quota and instructor for the desired program to be created. Program data is saved to the database. Notification is sent.",1,0,1,1,3,2,1,1,4,1,0,1,1,3,1,1,0,2
If the Reader selects to search by keyword. Then enters keyword or phrase in the dialog box. The system searches the Abstracts for all articles with that input of keyword or phrase and creates and returns a list of all such articles in the database.,1,1,0,1,3,2,1,0,3,1,1,1,2,5,3,1,0,4
Click edit button for specific college. System open college category edit page User can edit college category information. Click Save button College category information changes has been saved.,2,1,1,1,5,3,2,0,5,2,1,1,1,5,3,2,0,5
Display all universities and branches. Click edit button for specific university. System open universities and branches edit page. User can edit university name and region. Click Save button. University name and region changes saved.,2,2,1,2,7,2,1,0,3,2,1,0,1,4,3,2,0,5
The admin selects the item to be deleted. The web app deletes the selected item. The web app displays Error/Confirmation messages.,1,0,1,1,3,2,1,0,3,1,0,1,1,3,1,1,0,2
The Study Requestor request a study from the Study Performer. The Study Performer stores the images. The Study Performer stores the Study Report. The Study Consumer views the study images and report. Results are shown in a viewing format as instructed in the “View” option of the XD-LAB IHE profile.,1,1,1,1,4,2,2,0,4,1,1,1,1,4,3,1,0,4
"Click delete button for specific university. Confirm message is shown. Click Ok button. University has been deleted.  error message shown university cannot be deleted, because there is data related to it.",1,0,1,1,3,1,1,1,3,1,0,1,0,2,1,1,1,3
Open all graduation request page. Click delete button for specific student. Confirm message is shown. Click Ok button. Graduation request has been deleted.,1,0,1,0,2,1,1,0,2,1,0,1,0,2,1,1,0,2
"Buyer can can presses the “+5” button, the “+10” button, “+20” button, the “+50” button. Bit amount is increased according to the button clicked Buy can set the bid amount manually by pressing the “Enter Bid” button before Remaining Sec Section become zero. After the operations, Buyer can make/give a bid by pressing the “Make Bid” button. Bid is made after buyer clicks on button",3,0,1,0,4,3,1,0,4,2,1,1,1,5,4,1,1,6
The Use Case starts when the user starts the application. The system will display the login screen. The user enters a username and password. The system will verify the information entered by the user. The system will display the main screen or shows a failure message.,1,1,0,2,4,4,1,1,6,1,1,0,1,3,3,1,1,5
Open display field visit page. Click details button for specific field visit. System open field visit details page,1,1,0,1,3,2,1,0,3,1,1,0,1,3,2,1,0,3
Click edit button for specific transportation cost. System open transportation edit page. User can edit transportation matrix cost. Click Save button. Transportation matrix cost is saved,2,1,1,1,5,3,2,0,5,2,1,1,1,5,3,2,0,5
OFAS shows previous transaction records to Customer.,0,1,0,1,2,1,1,0,2,1,1,0,1,3,1,1,0,2
"Open received message page. System displayed sent messages with the following data.  System mark reed message with different color or sign. User can filter list by receiver.  User can search list, Search will be on receiver name, message title and body.",1,1,0,1,3,2,1,0,3,2,1,0,1,4,3,2,0,5
User clicks the log out tab. System returns the initial page (page includes sign in and log in options). User is logged out.,1,0,0,1,2,2,0,0,2,1,0,0,1,2,2,1,0,3
User Clicks “Resource Management” from navbar. User finds the resource to remove from the table. User clicks the remove button of the related task. System removes the task.,2,0,1,0,3,2,1,0,3,2,0,1,1,4,2,1,0,3
"Open add new other study requirement page. Enter required information. User add attachments. User can add notes. Click Add button. Student other requirement information, attachments, and notes saved",2,0,1,0,3,2,1,0,3,1,0,1,0,2,2,1,0,3
OFAS directs the customer to the chat interface. Customer fills the message section. Customer selects the send button. Customer ends the conversation. OFAS directs the customer to the previous screen.,1,0,0,2,3,3,0,0,3,1,0,1,2,4,3,1,0,4
Display all users. Click manage permission button for specific user. System open manage user permission page. User can check or uncheck permissions. Click Save button. System will update users' permissions in this role according to updating permissions.,2,3,0,3,8,5,3,0,8,2,1,1,2,6,4,2,0,6
The administrator presses the start button System is open to public,1,0,1,0,2,1,1,0,2,1,0,0,0,1,1,0,0,1
"User(s) shall pass the main entrance page via “Applicant Sign In” button.  User(s)fill their credentials to the fields which are email and password. User(s) click the Sign In button. If the user(s) enter his/her credentials incorrect (for example password) and click the “Sign In” button, it can not go further from here and this page repeats itself until the user(s) enter the correct credentials.",1,1,0,1,3,2,1,1,4,2,1,0,1,4,4,1,1,6
"Student enters his ID and ‘Enquire on courses’ command. C-Reg asks Course Catalog for Course Offerings. C-Reg receives Course Offering details, incl. pre-requisite Course ID. C-Reg displays Course Offering details, incl. any pre-requisite Course ID. C-Reg displays Student ID. Display error message.",1,1,0,1,3,2,1,1,4,2,1,1,2,6,3,1,0,4
Registrar enters  Student ID. C-Reg obtains the Student details. C-Reg displays the Student details. Display error message.,1,1,0,1,3,2,1,0,3,1,0,0,1,2,2,1,0,3
"The Editor selects Author or Reviewer. The system creates and presents an alphabetical list of persons in the category. The Editor selects a person to update. The system presents the database information of the person in grid form for modification. The Editor updates the information of the personand submits the form. The system checks that required fields are not blank. if any required field is blank, the Editor is instructed to add an entry. No validation for correctness is made. System updates the person data.",4,2,1,2,9,6,3,0,9,3,1,1,2,7,5,3,1,9
"The user uploads the document to the system. The system processes the input documents, and takes note of which document it is, whether it needs to be submitted, if so when, etc.. The system uploads the document and processed information to the database System signals the error.",1,0,0,1,2,2,1,1,4,1,0,1,1,3,2,1,1,4
Open student bridging requests page. System shall display student bridging requests data.,1,1,0,1,3,2,1,0,3,1,1,0,1,3,2,1,0,3
User chooses a date from the calendar. Choses a time for interview. Enters a location. For interview details. Clicks the “set interview” button to finish the process. System saves the interview details to the database.,2,0,1,0,3,2,1,0,3,2,0,1,1,4,3,1,0,4
The user enter his name. system check if the user is registered. The user Enter the name of the book. The system searches for the book and check user rank. If the book is not available it show him a message that tell the user that the book is not available.,2,0,0,1,3,3,2,2,7,2,1,0,1,4,3,1,1,5
Display all assets. Click delete button for specific asset. Confirm message is shown. Click Ok button. Asset has been deleted,1,0,1,0,2,1,1,0,2,1,0,1,0,2,1,1,0,2
"The cooperative member clicks the ‘register fish’ button. The system brings up the registration page that shows requested information about fish. The cooperative member enters the information that he/she has obtained one by one. Lastly, the cooperative member consults the fisherman and enters the first base price.  The cooperative member clicks the save button. The system saves records for the upcoming auction to the database. The system displays an error message: “There is incomplete information.” System warns the user when the user clicks on save.",2,0,1,2,5,4,1,0,5,2,1,1,2,6,5,1,1,7
Cooperative enters auction details and clicks to the create button. System saves the auction details.,2,0,1,0,3,1,1,0,2,1,0,1,1,3,2,1,0,3
"Sales agent indicates he wants to place an order for a customer. The system requests the customers username. The sales agent enters the username. The system displays the registered customer's information, including access level and payment options. The sales agent makes changes to the customer information. The system stores any updated customer information. The system requests the product id, quantity and shipping address for order infomration. The sales agent enters the product id, quantity and shipping address. The system displays payment options for this customer. The sales agent selects a payment option. The system completes the payment by executing use case Charge Customer or Bill Customer The system stores the order information, decreases the quantity on hand for the product, sends the order details to Shipping. The system displays a order completion message and sends a receipt to the customer. If the quantity on hand is not sufficient for this order, a message is sent to the sales agent and the use case is canceled al changes are reverted.",4,2,4,4,14,7,4,0,11,2,2,2,3,9,5,3,1,9
"Display all users. Click block button for specific user. Confirm message is shown. Click Ok button. User has been blocked and has no access to system. If user already logged in, system shall log out the user from system.",1,1,1,2,5,3,2,0,5,1,0,0,1,2,2,1,1,4
Advisor click modules. System shows the modules submenu. Advisor click Module SSC. System open Module SSC. Advisor fill the student name and surname field. Advisor fill the student ID field. Advisor fill the student E-Mail field. Advisor fill the advisor field. Advisor fill the thesis name in thesis name field. Advisor fill the program name field. Advisor click button “Master’s” in program name field. Advisor control check list and approve all list in check list field. Advisor control check list and not approve some information in check list field. Advisor filled the anti-spam field. Advisor select “For Approve” or “Not Suitable” in status field. Advisor click the “save changes” button. System transmits this operation to EABDB pending requests’s inbox to approve. System transmits this operation to advisor pending requests’s outbox. System send a notification to EABDB and student. System send a notification to student about result of SSC module.,3,2,2,3,10,6,4,0,10,3,1,2,3,9,5,3,1,9
Open display Al Fakhoora house visits page. Click on Al Fakhoora house visits name or details button. System open Al Fakhoora house visits details page,1,1,0,1,3,2,1,0,3,1,1,0,1,3,2,1,0,3
Grad school opens Add Announcement page. Grad school enters necessary information about application. Grad school clicks announce button. System adds announcement text to the web site.,1,0,1,0,2,1,1,0,2,1,0,1,1,3,2,1,0,3
Student enters his/her login information and submits it Student is directed to the student dashboard.,1,0,0,1,2,2,0,0,2,1,0,0,1,2,2,0,0,2
"After the interview or exams are evaluated, the department enters the system whether they have been accepted or rejected with their names. The department clicks the send button for delivering results to the grad school.",1,0,0,0,1,1,0,0,1,1,0,0,0,1,1,1,0,2
The user opens the ‘Change Password’ page. The user types the current password. Types new password twice for validation. The user Clicks ‘Change Password’ button. System saves new password,3,0,0,0,3,4,1,0,5,2,0,1,1,4,3,1,1,5
User enters the Login page.User enters e-mail/username and password to related field. User clicks Login button. System redirects the logged in user.,1,0,0,1,2,2,1,1,4,1,0,0,1,2,2,1,1,4
Open display contacts page. System shall display contacts basic information.,1,1,0,1,3,1,1,0,2,1,1,0,1,3,2,1,0,3
Tenant enters the page that can create new flow. Tenant clicks the button “Add new step”. System shows relevant page. Tenant clicks the “Varuna” in the “Connectors” tab. Tenant selects a trigger for flow by clicking the trigger. Tenant makes necessary configuration for the trigger. Tenant clicks “Add new step” button. Tenant selects an action from “Varuna”.,3,0,0,1,4,2,0,0,2,2,1,0,1,4,4,1,1,6
Student uploads and submits the final thesis copy to the Thesis Management System. Institute officer validates the thesis copy. (see 3.1.4.3 and 1.1),0,0,0,1,1,2,0,0,2,1,0,0,0,1,1,1,0,2
"Once a user clicks to the logout button, the system displays a prompt asking if the user indeed wishes to logout. The user confirms he/she wishes to logout. the system returns the user to the login page, and their session is deleted.",1,0,1,1,3,2,1,0,3,1,1,0,1,3,2,1,1,4
Jury member clicks modules. System shows the modules submenu. Jury member clicks Module TS. System shows Module TS: Thesis Submission. Jury member fills the title field on the thesis exam jury table Jury member fills the name on the thesis exam jury table. Jury member fills the surname on the thesis exam jury table. Jury member fills the institution on the thesis exam jury table. Jury member fills the department on the thesis exam jury table Jury member click the signature on the thesis exam jury table. Jury members filled the anti-spam field. Jury members selects the status. Jury members click the save changes button System transmits this operation to Student’s pending requests’ inbox. System transmits this operation to Jury pending requests’ outbox System send a notification to Student. System send a notification to Jury member,3,2,2,3,10,6,4,1,11,3,2,2,3,10,5,4,0,9
"Open display semester registration page. By default, System shall display information for current semester. System shall display all ungraduated student except who postpone the semester. System shall display information. System shall redirect to student information page when click on student name. System shall display total student count, student registered count and student not registered count.",1,1,0,1,3,2,1,1,4,2,1,0,2,5,4,2,1,7
"System displayed notification with the following data, Notification Text. When user click on notification text, System redirect to notification URL page.",1,1,0,1,3,2,1,0,3,1,1,0,1,3,2,1,0,3
"Department sets information of the name, quota and instructor for the desired program to be created. Program data is saved to the database. Notification is sent.",1,0,1,0,2,0,1,0,1,1,0,1,1,3,2,1,0,3
"Advisor click modules. System shows the modules submenu. Advisor click Module JA. System shows Module JA submenu. Advisor click Jury Appointment. System open Module JA: Jury Appointment page Advisor fill the name and surname field. Advisor fill the title field. Advisor fill the student name and surname field. Advisor fill student’s id field. Advisor fill student’s program name field. Advisor selects the reason. Advisor choose the face to face for the thesis defense type. Advisor choose online for the thesis defense type. Advisor fill the place field for the thesis defense. Advisor fill the date field for the thesis defense. Advisor fill the time field for the thesis defense. Advisor fill the name surname, institution and department fields and e-mail in table field. Advisor filled the anti-spam field. Advisor click the save changes button. System transmits this operation to EABDB pending requests' inbox to approve. System transmits this operation to Advisor pending requests’ outbox. System send a notification to EABDB",4,2,2,4,12,8,4,0,12,3,2,2,3,10,5,4,0,9
Display all meeting request. Click approve or dismiss button for specific meeting request. Confirm message is shown. Click Ok button. Meeting request has been approved or dismissed,1,0,1,0,2,1,1,0,2,1,0,1,0,2,1,1,0,2
Open display trainings page. System shall display training basic information. System shall display only training for component logged in user belong to or has privilege on it,1,1,0,1,3,2,1,0,3,1,1,0,1,3,2,1,0,3
OFAS shows remaining fishes and their base prices for the auction to customers. Customer selects Buy to buy fishes. OFAS disables the Buy button of the fish for other customers. OFAS updates the screen. OFAS updates the fish table in the database. OFAS enables the Buy button of the fish. OFAS shows to the user an error message. System directs user to UC-8.,1,1,2,4,8,5,3,0,8,2,1,1,3,7,5,2,0,7
Student selects ‘Modify Course Offerings’ and his ID is entered. C-Reg retrieves Student’s Schedule items.  C-Reg adds the item statuses (enrolled or selected) to the displayed Course Offerings. Student modifies his displayed Course Offering selections. C-Reg checks if the Student satisfies prerequisites of modified Course Offerings.  C-Reg marks Student Schedule items as ‘enrolled’ and makes them persistent.  C-Reg marks Student Schedule items as ‘selected’ and makes them persistent.  C-Reg sends modified Course Offering ID’s to the Course Catalog. Display error message.,2,1,1,2,6,4,2,1,7,2,1,1,2,6,4,2,1,7
User presses ‘Update customer details’ button. System retrieves details for the selected customer ID. System displays details for the selected customer ID,1,1,0,1,3,2,1,0,3,1,1,0,1,3,2,1,0,3
"Admin(s) open the application and controls the information and documents. If the application does not satisfy the criteria, admins reject the application and inform the applicant about the rejection.",1,0,0,0,1,1,0,0,1,1,1,1,1,4,2,1,1,4
User(s) click the “Sign Up” button. User(s)fill their credentials. User(s) click the “Sign Up” button. All compulsory fields and document uploads for the application form are filled.,1,0,0,0,1,1,0,0,1,1,0,1,1,3,2,1,0,3
"The system displays a form for users to fill out and submit their username and password. The user enters his or her username and password, then clicks the ""Submit"" button. The system looks to see whether any of the users in the database have the submitted username, and if the password matches the username. A pair of valid usernames and passwords (successful login). The user gets redirected to his or her personal homepage.",1,1,0,2,4,3,1,0,4,1,1,0,2,4,3,1,1,5
Display all users. Click set password button for specific user. System open set password page. User enter new password. User confirm new password. Click Save button. New password of user is saved,2,1,1,1,5,3,2,0,5,2,1,1,2,6,3,2,0,5
Display all students. Select students. Click send SMS button. Enter SMS text or Choose SMS template. Click send button SMS message has been sent to the student Display specific student information. Click send SMS button beside mobile or mobile2 or parent mobile,2,3,0,3,8,5,3,1,9,2,1,0,1,4,3,1,0,4
User clicks the list confirmed applications button. The program shows all the confirmed applications of that department to the user if any.,1,1,0,1,3,2,1,0,3,1,1,0,0,2,2,1,0,3
"Click edit button for specific college. System open college edit page. User can edit college name, category and extra fees. Click Save button. College changes are saved",2,1,1,1,5,4,2,0,6,2,1,1,1,5,3,2,0,5
"The user clicks on ""Logout"" icon. A confirm pop is displayed. The user chooses the ""Confirm"" option. The system redirects the user to the login page.",1,0,0,1,2,2,0,0,2,1,0,0,1,2,2,1,0,3
Open display roles page. Click on display user button. System open role users page. User can add or delete users to a role.,1,1,0,1,3,2,1,0,3,1,1,0,1,3,2,1,0,3
"Open students’ transportation page. System shall display students registered current semester, their region, university region, transportation amount, paid status and attachments. System shall display students count and total transportation amount for the semester. User can select semester. System shall display student transportation for selected semester",2,2,0,2,6,4,2,0,6,2,1,0,2,5,3,1,0,4
"System displayed latest notifications count. System displayed list of latest notification  with the following data. System mark seen and unseen notifications with different color  or signs. When user click on notification text, System redirect to notification URL page.  User can display all notification from “All Notification” button",1,1,0,1,3,2,1,0,3,2,1,1,1,5,3,1,0,4
Open add constant page. Enter Constant Name. Enter Constant English Name. Enter Constant Type. Enter Constant Description. Click Add button. New constant has been added,1,0,1,0,2,1,1,0,2,1,0,1,0,2,1,1,0,2
Open add user page. Enter user information. Enter username. Enter user password. Confirm user password. Click Add button.,1,0,0,0,1,1,0,0,1,1,0,0,0,1,1,0,0,1
Open List alumni page. System shall view List of alumni. User can filter result list based on data viewed (Alumni filters),2,1,0,1,4,3,1,0,4,1,1,0,1,3,2,1,0,3
"User selects ""Credit Card"" as a payment option, while in use case 5 . The system requests the credit card number, type and expiration date. The user enters the information. The system verifies that the credit card is valid for the amount to be charged and completes the credit card transaction. If the credit card cannot be validated the use case ends, returning a failure message The system stores the payment details and returns a success message",1,0,1,1,3,2,2,1,5,1,0,1,1,3,3,2,1,6
"Display all universities financial statements. Click edit button for specific financial statement. System shall Open financial statement edit page.  System shall view all students in the financial statement university.  For each student, system shall display Academic ID, Student Name, Hour cost, Hours count, Study Fees, Constant Fees, Service Fees, Previous credit, Student Payments, Student Credit, Total, Edited Total, Total ($) User click finish button at the end of adding process so administrator can approve it Financial statement changes has been saved Click delete button for specific financial statement. Confirm message is shown. Click Ok button Financial statement has been deleted.",0,2,2,2,6,5,4,0,9,3,1,1,1,6,4,2,0,6
"Grad School opens the uploaded documents. If documents satisfy the conditions, the user clicks checkbox. If all documents are verified, the user clicks verify application. Applications verification column in database updated to verified. ""If all documents are not verified, the user clicks inform student button and automated message sended to the relevant applicant""",1,0,1,1,3,2,1,1,4,2,0,1,1,4,3,1,1,5
Members can create a membership account on system. System displays a form to create a new membership account. Members can modify their account info(e.g. address) System displays a form to modify the related info to member. Members can recommand books to system(library). System displays a form to get the info of a book that is recommanded by a member.,3,0,0,3,6,3,0,0,3,3,1,0,3,7,4,2,1,7
User selects the project start time. User selects the project end time. User selects the overflow option. User clicks to “Calculate Schedule” button. System shows calculated schedule.,1,0,0,1,2,2,0,1,3,2,0,0,1,3,2,1,0,3
"Open add new album page Enter album name, album year and month and select album category: General, Quality Education, Student Affairs, Leadership, Economic Empowerment. Click add button",1,0,0,0,1,1,0,0,1,1,0,0,0,1,1,1,0,2
"The user chooses ""Notification Management"" tab from the menu. The user chooses the “Email Lists” tab from the submenu. Systems displays the email lists. The user chooses the edit button of the email list. The user edits property(ies) of the email list in “Edit List” window. The user chooses the “Confirm” button. System saves the edited email list to the database.",2,1,1,2,6,3,2,0,5,2,1,1,2,6,4,2,0,6
User fills in the required input fields provided by the system with their information. He/She clicks on the ‘Register’ button. System saves the related information to the database. System will ask the user to provide his/her phone number to be able to send a verification code. The user will be directed to a page in which there will be an input field for the verification code. System will give 2 minutes for the user to enter his/her verification code. If the provided verification code is correct then the user will be directed to his/her dashboard page.,2,0,1,2,5,4,2,1,7,3,1,1,3,8,5,3,1,9
"User enters registration information: username, password, email, phone number, name and surname. The system checks the user information. User information is saved to the database.The system registers the user.",1,0,1,0,2,1,1,1,3,1,0,1,1,3,2,1,1,4
EABDB clicks the pending request module. System open requested module page EABDB passes the anti-spam field. EABDB selects the status of the module as ‘approved’. EABDB selects the status of the module as ‘not approved’. EABDB clicks the save changes button. System transfers this operation to EABDB pending requests’ outbox. System transfers this operation to student pending request’s inbox. System sends a notification to student. System send a notification to advisor and student about correction.,3,1,2,2,8,5,3,0,8,3,1,2,2,8,5,4,0,9
Auction is started. Cooperative manager clicks the pause auction button. All the information is saved. Auction is paused (Can happen at any time). System displays a “Auction paused” alert for all users except the cooperative manager that is watching the auction. Cooperative manager clicks the continue auction button. The auction continues where it is left off.,2,0,2,3,7,5,2,0,7,2,1,1,2,6,4,1,1,6
Advisor clicks the pending request module System open request module page Advisor selects the inbox button. System shows the inbox Advisor clicks the system message and system shows related module Advisor approves the deadline extension request. Advisor does not approve the deadline extension request. Advisor filled the anti-spam field. Advisor selects the status. Advisor clicks the save changes button. System transmits this operation to Student’s pending requests’ inbox. System transmits this operation to Advisor pending requests’ outbox System transmits this operation to EABDB pending requests’ inbox. System send a notification to Student. System send a notification to Advisor System send a notification to EABDB.,4,3,3,4,14,8,6,1,15,3,1,3,3,10,5,4,1,10
"After agreement between the cardiologist and the patient, the cardiologist updates the care plan with the status agreed. Report is sent to the HP If alert/alarm occurred, a notification is sent to the care coordinator",1,2,0,2,5,3,1,0,4,1,0,1,1,3,1,1,1,3
Open display students page. Click display button for specific student. MIS system display student information,1,1,0,1,3,2,1,0,3,1,1,0,1,3,2,1,0,3
User clicks on “Unlike” icon. System saves the unlike update.,1,0,1,0,2,1,1,0,2,1,0,1,0,2,2,1,0,3
The user enters changed customer data and presses ‘Save details’. System updates customer record. There will be error messages from validation failures,1,1,0,1,3,2,1,1,4,1,0,1,1,3,2,1,0,3
"Open student postpones requests page. Click details button for specific student postpone requests. System shall open student postpone requests details page. System shall display student name, university, branch, college, specialty, level, phase, batch. System shall display all previous alerts, postpone requests and freeze decisions for student. System shall display decision date, notes and attach files",1,1,0,1,3,2,1,1,4,1,1,0,1,3,3,1,0,4
"Grad School checks the documents by clicking the open buttons near to them and other requirements of the application(s). System opens the document in a new tab. User reviews each document by clicking on the ‘open’ button, clicks the checkbox on the left if the document is proper. Finally, the user clicks on the ‘Submit Result’ button.",2,1,0,1,4,3,1,0,4,2,1,1,1,5,3,1,0,4
OFAS directs the cooperative staff to the database interface. Cooperative staff edit the database by entering queries. OFAS saves changes to the database. OFAS shows the user edit status.,1,0,1,2,4,4,0,0,4,1,0,1,2,4,3,1,0,4
"Open sent message or received message page. Click on message title. System shall open message details page. Message details page contains all message information, replies and attachments.",1,1,0,1,3,2,1,0,3,1,1,0,1,3,2,1,0,3
Open Display student cost page. System shall display students count and total costs for current semester. System shall display students’ basic information and total cost for each student for the current semester User can select different semester. System shall display information for the selected semester,2,2,0,2,6,3,2,0,5,2,1,0,2,5,3,2,0,5
Open display constants page. System shall display constant basic information.,1,1,0,0,2,1,1,0,2,1,1,0,1,3,2,1,0,3
The cooperative member starts the live streaming. The system sends a request to the API of the live broadcast system. The system gets the data from the API. The system shows the live broadcast. The cooperative member shows the fish to the camera. The system displays the video and audio data received from the broadcast on the screen. The cooperative member waits for the start time of the auction and then rings the bell. The system starts the auction.,2,1,0,2,5,6,0,0,6,2,0,1,2,5,5,2,1,8
"After logging in, the system shows the homepage. Customer clicks the auctions button. Lists of the scheduled auctions are displayed on this page. Customer clicks the join auction button. Customers entered the auction page and now wait for the customer head to start the auction.",2,1,0,1,4,4,1,0,5,2,1,0,1,4,4,1,0,5
Cooperative worker prepares fish that are going to be presented. Cooperative worker opens the app. Cooperative worker clicks “Start Live Stream” button. System starts the live stream. Cooperative worker starts recording fish by camera. System displays the current basket’s information on the live stream window. Cooperative worker shows the current basket to the camera. System finishes the bidding process for the current basket. Cooperative worker clicks the next basket button. Cooperative worker shows the next basket to the camera. Cooperative worker continues this process until all baskets are presented. System sells all baskets. Cooperative worker clicks “End Live Stream” button. System ends the live stream.,3,1,2,4,10,10,4,0,14,3,1,1,2,7,5,2,1,8
"Open students’ stationary cost page. System shall display students registered current semester, specialty, college and stationary amount. System shall display students count and total stationary cost for current semester User can select different semester. System shall display student stationary for selected semester",2,2,0,2,6,4,2,0,6,2,1,0,2,5,4,2,0,6
The Secretary enters the system who is selected as an Administrator among the Personnel. System assigns the chosen Personnel as an Administrator.,2,0,1,0,3,2,1,0,3,1,1,0,1,3,2,1,0,3
"The user ticks the course to edit. The user chooses the ""Edit Course"" option. The system redirects the user to the new page. The user edits property(ies) of the course.  The system previews the course as in the course list. The user clicks on ""Save"" button. The user clicks on the ""Confirm"" button.. System update the course information on the database. The system redirects the user to the course list page",2,0,1,2,5,4,1,0,5,3,0,1,1,5,5,2,0,7
User clicks on “Unfollow” button. User can not see the posts of unfollowed user anymore on main page.,1,2,2,2,7,2,1,0,3,1,0,0,0,1,1,1,0,2
Display all rooms. Click edit button for specific room. System open room edit page User can edit room information. Click Save button,2,1,0,1,4,3,1,0,4,2,1,0,1,4,3,1,0,4
User browses to the sign in page. User writes down his/her email address and the password to access an account. Sign in button redirects every user to a page according to their authorization.,1,0,0,1,2,2,1,1,4,1,0,0,0,1,2,1,1,4
User enters website. User login into his/her account. Server verifies login & password of user. User recommends a book. Server checks if book already exists.,2,0,0,1,3,3,2,2,7,1,0,0,0,1,2,1,0,3
User chooses the registration type. The system produces requirements of the chosen registration type. User fills the requirements of the registration. User clicks the Register button. The system saves the user to the system. OFAS shows the registration completed message. OFAS directs the user to UC-1. OFAS shows to the user an Error message.,2,0,1,2,5,5,1,1,7,2,0,2,3,7,5,1,0,6
Display all rooms. Click delete button for specific room. Confirm message is shown. Click Ok button. Room has been deleted,1,0,1,0,2,1,1,0,2,1,0,1,0,2,1,1,0,2
"Click delete button for specific academic year. Confirm message is shown. Click Ok button. Academic year has been deleted. error message shown Academic year cannot be deleted, because there is data related to it.",1,0,1,1,3,2,1,1,4,1,0,1,0,2,1,1,1,3
Customer clicks the join live stream button if a live stream is happening. System redirects the customer to the live stream window. Customer observes the presented fish on the live stream window. Customer clicks the “bid” button if he/she wants to buy the presented fish. System shows the bidding window to the customer. Customer enters the bid amount. Customer clicks the up-arrow button. System updates the highest bid on the window. Highest paying customer buys the fish when time is up. System records sold fish into buyers data. Procedure repeats itself until there are no more fish. Auction ends and customer leaves.,3,0,2,4,9,9,3,2,14,3,1,2,2,8,5,2,1,8
Open add address page. Enter address Name. Enter address English Name. Select address type. Click Add button. New address has been added,1,0,1,0,2,1,1,0,2,1,0,1,0,2,1,1,0,2
Open Display SMS Templates page. System shall display SMS Template basic information. Click edit button for specific SMS template. System open SMS template edit page. User can edit SMS template title or text. Click Save button. SMS template changes saved,3,2,1,2,8,5,3,0,8,2,1,1,1,5,4,2,0,6
"Open display all scholarship freezing requests page. Click edit button for specific scholarship freezing request. System shall open edit scholarship freezing requests page.  System shall fetch student and scholarship freezing requests information from database. System shall display data fetched User can edit decision date, notes and attach files. Click save button",2,1,0,1,4,3,1,0,4,2,1,0,1,4,3,1,0,4
The editor selects an article. The system displays the information about the article and requires that the Editor confirm the deletion. The editor confirms the deletion of an article The article is removed from the active article database.,2,1,1,2,6,3,2,0,5,1,1,1,1,4,3,1,0,4
Click delete button for specific SMS Template. Confirm message is shown. Click Ok button. SMS Template has been deleted.,1,0,1,0,2,1,1,0,2,1,0,1,0,2,1,1,0,2
Display all partners. Click edit button for specific partner. System open partner edit page. User can edit partner information. Click Save button,2,1,0,1,4,3,1,0,4,2,1,0,1,4,3,1,0,4
Cooperative clicks the “Finish auction” button. The system will end the auction's broadcast.,1,0,1,0,2,1,1,0,2,1,0,0,1,2,1,1,0,2
GSES member clicks the pending request module. System open request module page. GSES member selects the inbox button. System shows the inbox GSES member clicks the system message. System shows related module GSES Member approves the thesis submission. GSES Member does not approve the thesis submission. GSES Member filled the anti-spam field GSES Member selects the status. GSES Member clicks the save changes button System transmits this operation to Student’s pending requests’ inbox. System transmits this operation to Advisor pending requests’ inbox. System transmits this operation to GSES Member pending requests’ outbox System send a notification to Student. System send a notification to Student. System send a notification to GSES.,4,3,3,4,14,8,6,1,15,3,1,2,3,9,5,3,0,8
Grad school opens the account page. Grad school announces interview results. Grad school clicks to the Announce button. System adds the announcement to the web site.,1,0,1,0,2,1,1,0,2,1,0,1,0,2,2,1,0,3
Student clicks modules. System shows the modules submenu. Student clicks Module Notification. System open Module Notification Student fills the name and surname field Student fills the student ID field. Student fills the E-Mail field. Student fills the advisor field Student fills the thesis field Student fills the program name field Student selects the program status. Student selects the second exam type such as face to face or online Student fill date field. Student fill time field. Student passes the anti-spam field. Student clicks the save changes button System transfers this operation to advisor pending requests’ inbox to approve. System transfers this operation to student pending requests’ outbox System sends a notification to advisor.,3,2,2,3,10,6,4,1,11,3,1,2,2,8,5,3,0,8
"The student who is entitled to be a candidate enters his username, password and the verification code on the candidate interface. Click on the “Withdraw from candidacy” button specific to candidates. A form page pops up. Answers questions about why he/she withdrew from candidacy. The form is sent to the department secretariat. The Secretariat approves the form. The secretary communicates with the administrator. The candidacy data of the student who has withdrawn his/her candidacy is deleted from the database. The nomination is withdrawn and appears in the system only as a voter.",5,0,2,2,9,6,3,0,9,2,0,1,1,4,5,1,1,7
"The system fills in the document with the information it has related to that document, if necessary.  The system calls “Send e-mail” use case",0,1,0,1,2,1,1,1,3,1,0,0,1,2,2,1,0,3
The admin enters the data of the item. The web app retrieves the items data to verify if the admin adds an existing item. The web app adds the new item. The web app displays Error/Confirmation messages.,1,1,1,1,4,2,1,1,4,1,0,1,1,3,2,1,0,3
"The cooperative member creates a request to open a fisherman registration. The system opens a fisherman registration. The cooperative member enters the fisherman’s details: name, surname, username, email, password, bank account information, phone number and boat name into the system.  The system checks the relevance of the fisherman's information. The system confirms the suitability of the information. The system saves the information to the database. The system completes the registration process.",2,1,1,1,5,4,2,1,7,2,0,1,1,4,5,2,1,8
"User opens the application. System displayed the home page and login part. There is a username text box, password text box and a login button. User clicks on the username text box. System indicates the username text box can get input from the keyboard. User writes his/her username via keyboard. User clicks on the password text box. System indicates the password text box can get input from the keyboard. User writes his/her password via keyboard. User clicks on the login button. Email and password is correct and the user logs in to the system. The system detects the user type. The system brings the appropriate interface according to user type.",3,1,0,1,5,4,1,1,6,3,1,1,2,7,5,2,1,8
Open display graduation request page. Enter required data. Attach required files. Click on approve button,1,0,0,0,1,1,0,0,1,1,0,0,0,1,1,1,0,2
User clicks logout button on the right corner of page. System logs out the user and redirects to the main page,1,0,0,1,2,2,1,0,3,1,0,0,1,2,2,1,0,3
"Open general settings page.  Actor can edit, - System Name - System logo - Max file Size (KB) - Minimum GPA for each college Category - Remaining hours for graduation.  Click Save button. Settings changes saved",1,0,1,0,2,1,1,0,2,1,0,1,0,2,2,1,0,3
Display all career day. Click edit button for specific career day. System open career day edit page. User can edit career day information. Click Save button,2,1,0,1,4,2,1,0,3,2,1,0,1,4,3,1,0,4
User Clicks “Resource Management” from navbar. User finds the resource to update from the table. User clicks the update button of the related resource. System updates the related resource.,2,0,1,0,3,2,1,0,3,2,0,1,0,3,2,1,0,3
The user opens the ‘Election Results’ page. The user See the results,1,0,0,0,1,2,0,0,2,1,0,0,1,2,2,1,0,3
Display all internships. Click edit button for specific internship. System open internship edit page. User can edit internship information. Click Save button,2,1,0,1,4,3,1,0,4,2,1,0,1,4,3,1,0,4
"The web app receives the selected items, quantities and customer comments. The web app creates the new order. The web app sends Error/Confirmation messages to the mobile app.",1,0,1,1,3,2,1,0,3,0,0,1,1,2,1,1,0,2
User click on college name. System shall display list of college specializations. Click edit button for specific specialization. System open specialization edit page. User can edit specialization name. Click Save button. Specialization changes are saved,3,2,1,2,8,3,3,0,6,2,1,1,1,5,4,3,0,7
"Cooperative head enters to the system. Homepage is displayed for the cooperative head.The page includes auction history (list of auctions including current one) and the start auction button. Cooperative head clicks the start auction button. Cooperative members initiate the video streaming. Cooperative head checks today’s first fish’s information and the stream quality. When they achieve sufficient image quality, the cooperative head clicks the confirm button. The waiting screen on the customer page has been replaced by the auction page.",3,1,0,2,6,6,1,0,7,2,0,1,2,5,5,2,0,7
Display all Meeting request. Click delete button for specific Meeting request. Confirm message is shown. Click Ok button. Meeting request has been deleted,1,0,1,0,2,1,1,0,2,1,0,1,0,2,1,1,0,2
Display all activities. Click edit button for specific activity. System open activity edit page. User can edit activity information. Click Save button,2,1,0,1,4,3,1,0,4,2,1,0,1,4,3,1,0,4
The Editor selects the article. The Editor attaches the file to the grid presented and updates the respective information about the article.The Editor updates the article status to indicate that a review is returned. The respective entry in the Reviewer table is updated.,1,0,1,1,3,1,1,0,2,1,0,1,1,3,3,1,0,4
"The applicant clicks to the ‘Register’ button. System shows the register form. The applicant fills the form. The applicant clicks to the ‘Create Account’ button. "" System first checks whether account exists in the database or not. If it doesn’t, account is added to related table with encrypted password.""",2,0,1,2,5,4,1,1,6,2,0,1,1,4,3,1,0,4
Display all messages. Click delete button for specific message. Confirm message is shown. Click Ok button. Message has been deleted.,1,1,1,1,4,2,2,0,4,1,0,1,0,2,1,1,0,2
"User selects ""Bill me"" as a payment option, while in use case Place Order. The system requests the billing address. The user enters the billing address. The system stores the payment details.",1,0,1,0,2,1,1,0,2,1,0,1,1,3,2,1,0,3
The Department Secretary informs the administrator about a candidate not being able to login to their account. The Department Secretary shows proof that the candidate owns the account they are trying to login. Administrator grants Candidate System access to the candidate.,0,0,1,0,1,0,3,0,3,1,0,1,1,3,3,1,1,5
"Student examines the educational plan on dashboard. Student goes his/her profile and clicks FORMS button, finds and clicks the Program Plan Form and starts to fill it. Student makes a proposal to an advisor, and an advisor is appointed to Student (see 3.1.1.2). Return to step 3 of normal flow.",1,0,0,0,1,1,0,0,1,1,0,1,1,3,2,1,0,3
Registrar enters Student details. C-Reg creates a new Student record. C-Reg displays the  generated Student ID. Display error message.,1,0,1,1,3,2,1,0,3,1,0,1,0,2,2,1,1,4
"Display all stationary costs. Click delete button for specific stationary cost.  Confirm message is shown. Click Ok button. Stationary cost has been deleted. Error message shown stationary cost cannot be deleted, because there is data related to it",1,0,1,1,3,2,1,1,4,1,0,1,1,3,2,1,1,4
The admin enters the desired item. The web app retrieves the item data from the Database. The web app displays the data of the selected item.,1,1,0,1,3,2,1,0,3,1,0,0,1,2,1,1,0,2
Display user calendar. Click delete button for specific event. Confirm message is shown. Click Ok button. Event has been deleted.,1,0,1,0,2,1,1,0,2,1,0,1,0,2,1,1,0,2
User clicks API Generation Page. User enters API Key name. User clicks add API Key button. System saves the API configuration.,1,0,1,0,2,1,1,0,2,1,0,2,0,3,1,1,0,2
Display all calendars. Click delete button for specific calendar. Confirm message is shown. Click Ok button. Calendar has been deleted. System notify users shared calendar with.,1,0,1,1,3,2,1,0,3,1,0,1,0,2,2,1,0,3
"Open display trainings page. Click on training name or details button. System open training details page. System shall display training full information, groups, students and grades.",1,1,0,1,3,2,1,0,3,1,1,0,1,3,2,1,0,3
User presses ‘View Booking Details’ for the customer whose data is displayed. System searches for the selected customer in order to find any bookings. System retrieves bookings for the customer. Some customer data must be displayed. some customer data must be displayed.  An error message will be issued if no bookings exist.,0,1,0,0,1,2,1,1,4,1,1,1,1,4,3,1,1,5
The system directs the user to the homepage. The system notifies the user that the auction has started. The user goes to the auction page and watches the live stream auction that the system shows.,0,0,0,1,1,2,0,0,2,1,0,0,1,2,3,1,0,4
Click recover password page. Enter email of user. System should send verification code or link to specific email. Enter recover password verification code which send to email. System will redirect to set new password page. User enter new password. Enter confirm new password. Click change password button.,3,0,1,2,6,5,1,1,7,2,0,1,1,4,3,1,1,5
Customer clicks sign up button. System redirects the customer to the sign up page. Customer selects “customer” type of user for registration. Customer enters his/her email. Customer enters his/her password. Customer enters his/her username. Customer enters his/her phone number. Customer enters his/her address. Customer clicks the “sign up” button. System saves the customer information to the database. System redirects the customer to the login page.,2,0,1,2,5,3,1,0,4,3,0,1,2,6,5,1,0,6
The admin selects the desired employee. The web app retrieves user data from the Database. The web app displays the data of the selected waiter.,1,1,0,1,3,2,1,0,3,1,0,0,1,2,2,1,0,3
User(s)fill their credentials wrong and get messages from the system. User(s) click the “Forgot Password” button. User(s) shall enter his email and click “Renew Password”. The system creates and sends the user a changing link. Then user(s) enters a new password twice. System saves the new password of the user .,2,1,2,2,7,4,3,1,8,2,0,1,1,4,3,1,0,4
The user clicks the logout button. The system notifies the user that the system will exit and wants the user to confirm it. The user clicks the confirm button. The system directs the user to the login page.,2,0,0,0,2,2,0,0,2,1,0,0,1,2,3,1,0,4
Patient uses an electronic blood pressure meter to measure his/her blood pressure. The information about blood pressure is sent to the mobile application. The patient is informed that the information has been received.,1,0,1,1,3,2,1,0,3,1,0,1,1,3,1,1,0,2
User Clicks “Task Management” from navbar. User finds the task to remove from the table. User clicks the remove button of the related task. System removes the task.,2,0,1,0,3,2,1,0,3,2,0,1,0,3,2,1,0,3
"The Use Case starts when user opens the course management page. The user clicks publish button. The changes are reflected to iyte ceng website, system shows a sucess message.",1,0,1,1,3,2,1,0,3,1,0,1,1,3,2,1,0,3
Display all albums. Click delete button for specific album. Confirm message is shown. Click Ok button. album has been deleted,1,0,1,0,2,1,1,0,2,1,0,1,0,2,1,1,0,2
EABDB clicks the pending request module. System open requested module page. System shows the requests. EABDB passes the anti-spam field EABDB selects the status of the module as ‘approved’. EABDB selects the status of the module as ‘not approved’. EABDB clicks the save changes button System transfers this operation to EABDB pending requests’ outbox System transfers this operation to student pending request’s inbox. System sends a notification to student and advisor. System send a notification to advisor and student about correction.,2,1,2,2,7,4,3,0,7,3,1,2,2,8,5,3,0,8
"The base price is displayed. The buyer should enter his/her bid. System checks the made bids and shows the highest bid. The username of the highest bid owner is displayed on the screen. If a buyer enters a bid which is equal to or smaller than the highest bid, system will display an error message and asks user to enter a bid again.",0,2,0,3,5,3,3,1,7,2,1,1,2,6,4,1,1,6
The voting process has ended by the administrator. System revokes the given access to the voting interface for the voters. System automatically counts the votes. System informs the administrator about the result,0,0,2,2,4,0,5,2,7,2,0,1,1,4,3,1,0,4
"GSA clicks on the ""Confirm Assessment"" button next to applicant's name. Website renders the assessment conformation page with accept and reject buttons. GSA clicks on the ""Confirm & Inform"" button. Website informs the applicant of his/her acceptance. Website redirects GSA to a relevant success page.",2,0,0,2,4,4,0,0,4,2,0,1,1,4,3,1,0,4
Previous Auctions URLs are listed by order of dates. The user selects one of the URLs that he/she wants to watch,1,1,0,1,3,2,1,0,3,1,0,0,1,2,2,1,0,3
"The Use Case starts when user opens the manage course page. System shows list of the courses. The user selects only one course from the list left on the page, and clicks edit button. System shows the course edit page. The user specifies the areas which are instructor name, assistant name, course information and press edit button. The system changes the informations in the database according to user input about the course. The system gives a success message.",3,0,1,1,5,5,1,0,6,2,1,1,2,6,5,2,0,7
"Jury is selected for the exam. T.S.S Jury and Date proposal is accepted. Student has Thesis Defense Exam. (see 1.1, 1.2) Jury accepts the thesis defense.",1,0,0,0,1,1,0,0,1,1,0,0,1,2,2,1,0,3
User clicks on “Like” icon. System saves the like update.,1,0,1,0,2,1,1,0,2,1,0,1,0,2,1,1,0,2
Open add Students Club page. Enter Students Club information. Click Add button,1,0,0,0,1,1,0,0,1,1,0,0,0,1,1,1,0,2
Display all surveys. Click delete button for specific survey. Confirm message is shown. Click Ok button. Survey has been deleted,1,0,1,0,2,1,1,0,2,1,0,1,0,2,1,1,0,2
"Grad School checks the documents by clicking the open buttons near to them and other requirements of the application(s). System opens the document in a new tab. User reviews each document by clicking on the ‘open’ button, clicks the checkbox on the left if the document is proper. Finally, the user clicks on the ‘Submit Result’ button. Assessment result is saved",2,1,1,1,5,3,2,0,5,2,0,1,1,4,3,1,0,4
Voter chooses the option that indicates that they will try to login as a voter. System displays the voter page to voter to enter their IZTECH account name and password. Voter enters their IZTECH account name and password. System allows access to the website.,2,1,0,2,5,4,1,1,6,2,1,0,1,4,3,1,0,4
The admin enters the family items to be deleted. The web app deletes the selected family item. The web app displays Error/Confirmation messages.,1,0,1,1,3,2,1,0,3,1,0,1,1,3,1,1,0,2
OFAS produces an Approve Payment button to the customer. Customer clicks the Approve Payment button. Payment is completed by the bank API. OFAS shows payment status to the customer.,1,1,0,2,4,3,1,1,5,1,0,1,3,5,2,1,0,3
Open display internship page. Click on student name or details button. System open internship details page,1,1,0,1,3,2,1,0,3,1,1,0,1,3,2,1,0,3
Display all semester registrations. Click delete button for specific registration. Confirm message is shown. Click Ok button. Semester registration has been deleted.,1,0,1,0,2,1,1,0,2,1,0,1,0,2,1,1,0,2
"The admin enters modified fields (name, image, color). The web app saves the change. The web app displays Error/Confirmation messages.",1,0,1,1,3,2,1,0,3,0,0,1,1,2,1,1,0,2
"Open import students page, attach students excel sheet files. Click add button Students are imported from excel sheet files and saved System display added students, the number of added students and total number of students",1,1,1,1,4,2,2,1,5,2,0,1,1,4,2,1,0,3
"The user clicks the ‘Logout’ button. After a 5 second countdown, the login page appears and is ready for the user to login again.",1,0,0,1,2,2,0,1,3,1,0,0,1,2,2,1,0,3
Open add asset page. Enter assets information. Click add button. System save information and redirect to display all assets page,1,1,0,1,3,2,1,0,3,1,0,1,0,2,1,1,0,2
User clicks on “Comment” icon. User writes his comment. User clicks Send button. System saves the comment.,1,0,1,0,2,1,1,0,2,1,0,1,0,2,1,1,0,2
The user selects the courses from list and clicks delete. The user asked to confirm for last time about deleting the course. The system delete the informations in the database about the course according to user input. The system shows a success message,1,0,1,1,3,2,1,0,3,1,0,1,1,3,3,1,0,4
"The department shall set time, date and location. System inform the grad school and applicant via website.",1,0,0,1,2,1,0,0,1,1,1,0,1,3,1,1,0,2
Grad school opens the account page. Grad school announces interview date and location. Grad school clicks to the Announce button. System adds the announcement to the web site.,1,0,1,0,2,1,1,0,2,1,0,1,0,2,2,1,0,3
Open display Students Clubs page. Click on Students Club name or details button. System open Students Club details page.,1,1,0,1,3,2,2,0,4,1,1,0,1,3,2,1,0,3
Admin prompts system to send a unique code to every student who has been elected as candidate via student e-mail of that student. System reads candidates emails System send emails The candidate logins to Zimbra Webmail and checks for the related e-mail. Student clicks that link. System updates candidate’s student account to candidate account.,2,1,1,1,5,4,2,1,7,2,0,1,1,4,4,1,1,6
Display all scholarship termination. Click delete button for specific scholarship termination. Confirm message is shown. Click Ok button. Scholarship termination has been deleted,1,0,1,0,2,1,1,0,2,1,0,1,0,2,1,1,0,2
Open new focus group page. Choose criteria. Click show students button. System shall view list of students that meet selected criteria. Click save button. New focus group has been added,2,1,1,1,5,2,1,0,3,2,1,1,1,5,2,1,0,3
"HCP EHR System selects the patient. HCP EHR System requests the current medication (from the Medication List Source, which is an external system)",1,1,0,1,3,2,1,0,3,1,0,1,1,3,2,1,0,3
The admin enters the data of the item family. The web app retrieves the item families’ data to verify if the admin adds an existing item family. The web app adds the new item family. The web app displays Error/Confirmation messages.,1,1,1,1,4,2,1,1,4,1,1,1,1,4,2,1,0,3
Open add E-Work application page. Enter student identity. System shall display student information. Enter application required information. Click add button,2,1,0,1,4,3,1,0,4,1,0,0,0,1,1,1,0,2
Department grades the applicant by the performance of the interview. Grades are submitted to system System creates notifications and sends to relevant parties. Applicant is informed whether they have been accepted or not.,1,0,0,1,2,3,0,1,4,1,0,1,1,3,2,1,1,4
Open Display Students Clubs page. System shall display Students Club basic information,1,1,0,1,3,2,1,0,3,1,1,0,1,3,2,1,0,3
Display all Training. Click delete button for specific training. Confirm message is shown. Click Ok button. Training has been deleted,1,0,1,0,2,1,1,0,2,1,0,1,0,2,1,1,0,2
Registrar modifies the displayed Student details. C-Reg stores the modified details. Display error message.,1,0,1,1,3,2,1,0,3,1,0,1,0,2,1,1,0,2
"Applicant clicks on the ""I Will Attend"" button. Website redirects the applicant to a relevant success page.",1,0,0,0,1,1,0,0,1,1,0,0,1,2,1,1,0,2
Open display internships page. Click add field visit button for specific internship. Enter field visit information. Click add button. System save information and redirect to display all internships page,1,0,1,1,3,1,1,0,2,2,0,1,1,4,2,1,0,3
Applicant has registered to the system. Applicant has uploaded application files. Applicant’s application file has been received saved. GradSchool has informed there is missing file exists. GradSchool has informed files are controlled. GradSchool has informed files are verified. Department has set interview date/time. Department has set interview results. Notification has been sent to applicant. Department has opened/edited new program. Notification is sent to GradSchool.,4,0,5,3,12,7,5,0,12,2,0,2,1,5,4,1,1,6
"Advisor click the pending request button. System open request module page. Advisor can see the pending requests Advisor select the inbox button. System shows the inbox. Advisor can see the messages in the his/her inbox. Advisor click the system message. Advisor can control students informations, advisor information and thesis name. Advisor fill the anti-spam field. Advisor submit approved or for correction in status field. Advisor click the save changes button. System transmits this operation to EABDB pending requests’s inbox. System transmits this operation to student pending requests’s inbox. System transmits this operation to Advisor pending requests’s outbox. System send a notification to EABDB and student.System send a notification to student.",4,0,3,3,10,7,3,0,10,3,1,2,3,9,5,3,0,8
Display all student bridging requests. Click approve button for specific student bridging requests.  Confirm message is shown. Click Ok button. Scholarship termination has been approved,1,0,1,0,2,1,1,0,2,1,0,1,0,2,1,1,0,2
Student click Module PPF. System open Module PPF. Student fill the name and surname field. Student fill the student ID field. Student fill the E-Mail field. Student fill the advisor field. Student select with thesis in Master’s Degree thesis field. Student fill minimum number of courses field. Student fill minimum number of local credits field. Student fill minimum number of ECTS credits field. Student fill minimum number of courses field. Student fill other requirements field. Student selects the semester. Student fills the table. Student click the save changes button. System saves the changes.,2,0,1,1,4,3,1,0,4,3,0,2,2,7,5,3,0,8
"The Use Case starts when user opens the add e-mail page.The users enters e-mail, name, surname and category of e-mail, then clicks add button. Changes are saved to database, system shows a success message.",1,0,1,1,3,2,1,0,3,1,0,1,1,3,2,1,0,3
User clicks the list submitted applications button. The program shows all the submitted applications to the user if any. User can click on “View Details” of a desired application row to continue application review,2,1,0,1,4,3,1,0,4,1,0,0,1,2,2,1,0,3
Display all Students Club. Click delete button for specific Students Club. Confirm message is shown. Click Ok button. Students Club has been deleted,1,0,0,0,1,1,1,0,2,1,0,1,0,2,1,1,0,2
"The user chooses ""Notification Management"" tab from the menu. The user chooses the “Email Lists” tab from the submenu. The user chooses the “Import List” button to open “Import List” window. The user enters a name for the new email list. The user enters a description for the new email list. The user chooses the “Import emails from CSV” button to choose a CSV file that contains email lists. The system displays a lists of all emails in “Emails” panel. The user chooses the “Confirm” button. System saves the email list to the database. The system fails if the entered name for the new email list already exists.",2,1,1,2,6,4,3,1,8,3,1,1,1,6,5,3,0,8
Click delete button for specific constant. Confirm message is shown. Click Ok button. Constant has been deleted.,1,0,1,0,2,0,1,0,1,1,0,1,0,2,1,1,0,2
Homepage is displayed for the Cooperative Member. The cooperative member clicks the upcoming auction tab. Upcoming auction’s interface is displayed for the cooperative member by the system. Page includes a start stream button. The cooperative member clicks the start stream button. Cooperative member provides the stream by using his/her equipment. The cooperative member starts the record when the auction begins. Customers can see fish online by the footage which is provided by the cooperative member.,2,0,0,1,3,6,0,0,6,2,1,1,2,6,5,1,0,6
The admin selects the order to be deleted. The web app deletes the selected order. The web app displays Error/Confirmation messages.,1,0,1,1,3,2,1,0,3,1,0,1,1,3,1,1,0,2
Advisor see the students proposals. Advisor accepts or reject the student.,1,0,0,0,1,1,0,0,1,1,0,0,0,1,1,1,0,2
The admin enters the table data. The system checks if the table already exists. The web app adds the new table. The web app displays Error/Confirmation messages.,1,1,1,1,4,2,1,1,4,1,0,1,1,3,1,1,0,2
"User opens the reserve book page by clicking the specified button, system  opens the ""Reserve Book"" page User enters the book id to the system and clicks borrow button. System searches and finds the book from database whose id number entered. System sets its belonging status to specified user. System updates the member's information accordingly. System notifies user about the. User finishes the session for booking process User clicks log out. System logs out the user. System notifies the user logging out process after completing.",3,0,1,1,5,5,1,0,6,3,0,2,2,7,5,2,0,7
"Open add student postpone requests page.  Enter student name (Input should be auto complete). System shall fetch student information from database. System shall display, Name - University, Branch - College - Specialty - Level - Phase - Batch"". System shall display Academic year and semester. System shall display all previous alerts, postpone requests and freeze decisions for student.  Student add decision date. User can add notes. Attach required files. Click add button.",2,1,0,1,4,3,1,0,4,2,1,0,1,4,3,1,0,4
Display all activities. Click add attendance for specific activity. System open activity attendance page. System shall display all students take the activity. User can add attendance hours for students. Click Save button,2,1,0,1,4,2,1,0,3,2,1,0,1,4,3,1,0,4
System asks the secretary for their IZTECH account name and password. Secretary enters their IZTECH account name and password. System allows access to the website.,1,1,0,2,4,2,2,1,5,1,0,0,1,2,2,1,0,3
Display all Students Clubs. Click edit button for specific Students Club. System open Students Club edit page. User can edit Students Club information. Click Save button,2,1,0,1,4,3,1,0,4,2,1,0,1,4,3,1,0,4
Display all cycles. Click delete button for specific cycle. Confirm message is shown. Click Ok button. Cycle has been deleted,1,0,1,0,2,1,1,0,2,1,0,1,0,2,1,1,0,2
"Open SMS settings page. Actor can add and edit, Username (Required) - Password (Required) - Sender Name (Required) - Username Parameter - Password Parameter - Username Balance Parameter - Password Balance Parameter - Sender Parameter - Message Parameter - Mobile Parameter - Type Parameter. Click Save button. Users can send SMS to students. SMS settings changes saved",1,0,1,0,2,1,1,0,2,2,0,1,1,4,3,1,0,4
"Member logins the system with his/her credentials. System verifies the credentials logs the member in and it will give a catalog to the member. Member choses printing facilities from sub system that is given. System opens the printing subsystem and shows to the user. User will choose printing system payment section for service payment. User will be able to choose credit card or bank deposit payment. User will choose credit card payment, system opens up a credit card payment page and user will fill up all required information by the system and clicks “Pay” button. System will send a verification message to user phone and waits him to enter this code for 180 seconds. Users enters the verification code in to the system inside 180 second. Payment will successfully ends, system send another message to user and it will go to main page of the system. User will receive this message and s/he logs out the system by clicking log out button. Member of the library logs in to the system. System searches and compares the user information with user database and verifes the user accordingly. System gathers the information about user.  System opens the dashboard with filling the information to the dashboard.",6,4,1,6,17,11,5,3,19,3,1,2,3,9,5,3,1,9
Open display roles page. System shall display role name and number of users assign to.,1,1,0,1,3,2,1,0,3,1,1,0,1,3,2,1,0,3
Student views and examines the educational plan on dashboard. Student goes his/her profile and clicks FORMS button. Student finds and clicks the Program Plan Form and fills it.,1,1,0,1,3,2,1,0,3,2,0,0,0,2,2,1,0,3
Student clicks the pending request module. System open request module page. Student selects the inbox button. System shows the inbox Student clicks the system message. System shows related module. Student fills the name and surname field Student fills the student ID field. Student fills program name field. Student fills the advisor field. Student fills the date student passed thesis defense. Student selects No for deadline extension. Student selects YES for deadline extension. Student clicks upload file button and select thesis from device. Student filled the anti-spam field. Student selects the status. Student click the save changes button. System transmits this operation to Student’s pending requests’ outbox. System transmits this operation to Jury pending requests’ inbox. System transmits this operation to GSES pending requests’ inbox to approve. System send a notification to Student. System send a notification to Jury member. System send a notification to Advisor,4,3,3,4,14,8,6,0,14,3,1,2,3,9,4,3,0,7
User presses ‘View customer details’ button. System retrieves and displays details for the selected customer ID.,1,1,0,1,3,2,1,0,3,1,1,0,0,2,2,1,0,3
Display all field visit. Click delete button for specific field visit. Confirm message is shown. Click Ok button. Field visit has been deleted,1,0,1,0,2,1,1,0,2,1,0,1,0,2,1,1,0,2
Open Display academic years page. System shall display academic year full information.,1,1,0,1,3,2,1,0,3,1,1,0,1,3,1,1,0,2
System lists all the advisors. Student makes a request to one of the listed advisors if he or she is available and proposes him/her. Advisor accepts the proposal request. System sets the Advisor and the appointment. System prints a success message. System prints an error message. System returns to listing advisors step.,2,1,1,2,6,4,2,0,6,2,1,1,2,6,5,1,0,6
Display all psychological support student sessions. Click delete button for specific session. Confirm message is shown. Click Ok button. Psychological support student session has been deleted,1,0,1,0,2,1,1,0,2,1,0,1,0,2,1,1,0,2
Click edit button for specific branch. System open branch edit page. User can edit branch name and region. Click Save button. Branch changes are saved,2,1,1,1,5,2,2,0,4,2,1,1,1,5,3,1,0,4
"A specialist (MBR requester) requests a medical board review for a patient to the MBR Scheduler. He/she sends the request (with the additional information to the MBR Scheduler). The MBR Scheduler validates if the patient meets the inclusion criteria of the board, and looks for a timeslot for the MBR for that patient.The organiser sends the affirmation to the requester. All participants can prepare for the medical board review by viewing and examining all the relevant medical information. A scribe writes down the recommendations of the board The medical board review report is authorised by all, and sent to the requester (and possibly to other involved healthcare professionals)",1,1,0,1,3,3,1,1,5,1,1,1,2,5,3,2,0,5
User clicks on Offer a Book button. The application displays the list of the owned books the user previously has added their books to. User clicks on any book to be offered and chooses a location for the book. User clicks on “send offer” button. System saves offer request.,2,1,1,1,5,3,2,0,5,2,0,1,1,4,3,1,0,4
Open complaint details page. Click on assign button. Select user. Click ok button. System assign complaint to user and send notification to him,1,0,1,1,3,2,1,1,4,1,0,0,1,2,2,1,0,3
Applicant clicks link. System redirects the applicant to the pre-application page. Applicant fills the blanks and clicks save changes button. Pre-Application details are saved to the database.,2,0,1,1,4,3,1,0,4,1,0,1,1,3,2,1,0,3
"The user clicks the “Mezat Ekle” button for cooperative to fill out and submit the necessary information about the auction. The system displays a form The cooperative enters the information about the auction, then clicks the “Submit” button. The information of the auction is saved and made available to view for every user of the system. The system displays a warning due to invalid information. The system shows examples and rules to warn the user about the invalid information parts. The system requests cooperative to fill the fields that are invalid again by redirecting the cooperative to the “Enter Product” page. The system displays a warning to show some parts are missing. The system requests the missing information by redirecting the cooperative to the “Enter Product” page.",2,0,1,2,5,4,1,1,6,3,1,2,3,9,5,2,0,7
The system connects to Turnitin.com and uploads thesis to be checked. The system returns thesis results from the website to the advisor and stores it.,0,0,1,2,3,2,1,1,4,1,0,1,1,3,2,1,0,3
Display all trainings. Click add evaluation for specific training. System open add training evaluation page. System shall display all students take the training User select survey. User select student. Click Send survey button. System shall send survey link to all selected students,2,2,0,2,6,4,2,1,7,3,2,0,2,7,4,2,0,6
The admin enters the desired Item Family. The web app retrieves the Item Family data from the Database. The web app displays the data of the selected Item Family to the admin.,1,1,0,1,3,2,1,0,3,1,0,0,1,2,2,1,0,3
Cooperative worker opens the app. Cooperative worker sees the notification that a captain requests for registration. Cooperative worker clicks the notification. System redirects the cooperative worker to the registration approval page. Cooperative worker checks validity of forms that are uploaded by the captain Cooperative worker clicks the “Approve captain registration” button. System approves the captain’s registration request. Cooperative worker goes to the main page.,2,0,1,2,5,4,1,0,5,3,0,2,3,8,4,2,1,7
Student selects ‘Create Schedule’ and his ID is entered. Student selects up to 6 Course Offerings. C-Reg checks if the Student satisfies prerequisites of selected Course Offerings. Validated Course Offering ID’s are sent to the Course Catalog so that it can maintain the count of Students for each Course Offering.  Student’s Schedule items are marked ‘enrolled’ and made persistent on C-Reg.  Student’s Schedule items are marked ‘selected’ and made persistent on C-Reg. Display error message.,1,1,1,1,4,2,1,1,4,2,1,1,1,5,3,2,1,6
The Editor selects a reviewer for the article. The system updates the article database entry and emails the reviewer with the standard message and attaches the text of the article without author information.,1,0,1,1,3,2,1,0,3,1,0,0,1,2,2,1,0,3
Open Display psychological support student sessions page. System shall display psychological support student session basic information,1,1,0,1,3,2,1,0,3,1,1,0,1,3,2,1,0,3
The administrator prompts the system to automatically choose the president of the Student Council from Faculty Representatives by using alphabetical order every two years. The System informs the Administrator about this selection.,1,1,1,1,4,2,2,1,5,1,0,0,1,2,2,1,0,3
"Department sets a date, time and location for applicant. Department submits the date, time and location changes. System stores changes and informs Notification is sent to both grad school and applicant.",1,0,1,2,4,3,1,0,4,1,0,0,1,2,2,1,0,3
The system retrieves the data of the student who is being inspected from the OBS. The system checks if all the prerequisites are satisfied. The system informs the advisor and the institute about the result. The advisor approves the student to continue the master process if all the prerequisites are satisfied.,1,1,0,2,4,3,1,2,6,1,0,1,1,3,3,1,1,5
System detects the display request. System displays the current data from database.,0,1,0,1,2,1,1,0,2,1,0,0,1,2,2,1,1,4
User fills in the required input fields provided by the system with their information. He/She clicks on the ‘Register’ button with information. System will ask the user to provide his/her phone number to be able to send a verification code. System sends verification code to provided phone number. Then the user will be directed to a page in which the user fills verification code. If the provided verification code is correct then the user will be directed to his/her dashboard page. System updates the user activation status.,3,1,2,2,8,4,4,2,10,2,0,1,2,5,5,2,1,8
Display all trainings. Click add attendance for specific training. System open training attendance page and system shall display all students take the training. User can add attendance hours for students. Click Save button,2,0,0,1,3,2,1,0,3,2,1,0,1,4,3,1,0,4
"The user is on Login Page. The user enters their username and password. The user clicks the login button. System encrypts the password and checks from the database. If encrypted passwords match, user logs in.",1,1,0,1,3,2,1,1,4,1,0,0,1,2,3,1,1,5
Display all student warning requests. Click delete button for specific student warning requests. Confirm message is shown. Click Ok button. Student warning requests has been deleted,1,0,1,0,2,2,0,0,2,1,0,1,0,2,1,1,0,2
Display all stationary cost Click edit button for specific stationary. System open stationary cost edit page User can edit stationary information. Click Save button stationary cost page edits are saved,2,1,1,1,5,3,2,0,5,2,1,1,2,6,3,1,0,4
"User indicates that he wants to register. The system requests a username and password. The user enters a username and password. The system checks that the username does not duplicate any existing registered usernames. The system requests a name (*), street, city, state, zipcode(*), phone and email address. Items marked by (*) are required. The user enters the information. The system determines the user's location and access level and stores all user information. The system starts a login session and displays a welcome message based on the user's preferences.  If the username duplicates an existing username the system displays a message and the user enters username again. If the user does not enter a required field, a message is displayed and the user enterst fields marked by (*) which are required.",1,1,1,2,5,3,2,1,6,2,1,1,3,7,4,2,1,7
Open students’ books and stationery page. Click add button for specific student. System shall open add books and stationery page. System shall display books and stationery amount for student based on stationery cost from settings. System shall display notes if student have any debit in his account. User can edit books and stationery amount. User add payment method. User attach files. User can add notes. Click save button Books and stationery page changes has been saved,2,1,0,1,4,3,2,0,5,3,1,1,2,7,5,2,0,7
Open calendar page. Click add new event button. Enter event information. Click add button. New event has been added.,1,0,1,0,2,1,1,0,2,1,0,1,0,2,1,1,0,2
Order placer requests laboratory tests through electronic testing and adds relevant medical information Blood sample of the patient is analyzed in the Laboratory Information System. Results are stored in the Laboratory Information System. Results are copied to the Hospital Information System. HCP views the laboratory results in the HCP EHR system.,1,0,1,1,3,3,1,1,5,1,1,1,1,4,3,2,0,5
Users click “Logout” button. The application shows warning message which show “Are you sure to logout”. User clicks “YES.”. The application shows successful message. System logs out the user and redirects them to login page.,1,0,0,1,2,2,0,0,2,1,0,1,1,3,3,1,0,4
"Open add student warning page.  Enter student name (Input should be auto complete). System shall fetch student information from database System shall display, Name - University - Branch - College - Specialty - Level - Phase - Batch"". System shall display Academic year and semester. System shall display all previous alerts, warning and freeze decisions for student User add decision date. User can add notes. Attach required files. Click add button",2,1,0,1,4,3,1,0,4,2,1,0,1,4,4,2,0,6
User clicks on “Follow” button and send follow request. According to request response user can follow another user. User can see the posts of the user.,1,1,1,1,4,2,1,0,3,1,1,0,1,3,2,1,0,3
Open Display SMS Logs page. System shall display SMS Logs. System shall display all SMS log for user admin. System shall display SMS log for component that logged in user belong to.,1,1,0,0,2,2,1,0,3,1,1,0,2,4,4,2,0,6
Department grades the applicant by the performance of the interview. Grades are submitted to system System creates notifications and sends to relevant parties. Applicant is informed whether they have been accepted or not.,2,0,1,0,3,2,1,1,4,1,0,0,1,2,2,1,1,4
EABDB click the pending request button System open request module page. System shows the requests. EABDB select the inbox button. System shows the inbox. EABDB can see the messages EABDB click the system message. System shows the request details page. EABDB control informations in SSC module. EABDB fill the anti-spam field. EABDB submit “approved” in status field. EABDB submit “not suitable” in status field. EABDB click the save changes button. System transmits this operation to EABDB pending requests’s outbox. System send a notification to advisor and student. System send a notification to student and advisor about result of SSC module.,4,3,1,3,11,8,3,0,11,3,1,3,3,10,5,3,0,8
"Department sets a date, time and location for applicant for the interview. Department submits the date, time and location. System saves the details. System informs both grad school and applicant by notification. Department may change date and time of interview after setting it which can be considered as submission of date and time. Events flow from step 2 as usual.",2,0,1,1,4,3,1,1,5,1,0,1,1,3,3,2,1,6
The system finishes the bidding processes. The cooperative member stops the live streaming. The system sends a stop request to the API of the live broadcast system. The system receives a message that the broadcast has stopped successfully from the API. The system finishes the auction.,1,0,2,1,4,2,2,0,4,1,0,1,2,4,3,2,1,6
Display all users. Click edit button for specific user. System open user edit page. User can edit user information. Click Save button. User changed are saved,2,1,2,1,6,3,2,0,5,2,1,1,1,5,3,1,0,4
"The updated documents sent by the representatives have been received by the administrator. Administrator prompts the system to start the confirmation process. System communicates with the OBS and E-Devlet to confirm the updated documents. OBS and E-Devlet shows that the updated documents are valid. System informs the representative that their updated documents are valid, and their representation still continues.",1,0,1,1,3,3,2,2,7,1,0,2,2,5,4,2,1,7
Open add college category page. Enter college information Name - English Name - Study Years. Click Add button New college category has been added,1,0,1,0,2,1,1,0,2,1,0,1,0,2,1,1,0,2
Actor click logout button. System logs out the user.,1,0,0,1,2,2,0,0,2,1,0,0,0,1,1,1,0,2
Open display students page. Click edit button for specific student. MIS system display student information Actor edit the information. Click save button Student information edited by actor are saved,2,1,1,1,5,3,2,0,5,2,1,1,1,5,4,1,0,5
"The waiter enters the table where the customer wants to be installed. The mobile app sends the selected table to the web app and then the web app creates a new order. The mobile app receives the item families . The mobile app displays the item families list to the waiter. The waiter enters the item family based on the items requested by the customer. The mobile app sends the selected item family to the web app. The mobile app receives the item list of the selected family. The mobile app displays the list of items to the waiter. The waiter enters the items required by the customer and specifies for each item the recommended quantity and the customer comments. The mobile app sends the selected items, recommended quantities and customer's comments to the web app. The mobile app receives Error/Confirmation messages from the web app. The mobile app displays Error/Confirmation messages to the waiter",3,2,1,3,9,6,3,0,9,3,1,2,3,9,4,2,1,7
The user enters the “Log Out” button. The user is re-directed to “Log In” page.,1,0,0,1,2,2,0,0,2,1,0,0,0,1,1,1,0,2
Open display student costs page. Click edit button for specific student. System open student cost edit page. User can edit student cost information. Click Save button.,2,1,0,1,4,3,1,0,4,2,1,0,1,4,3,1,0,4
"User follows the password reset procedure by clicking forget my password link. After the password reset process, the user logs into the system with his/her new password. If the user has not signed up to the system, click the register button to start the registration process. User clicks on either ‘Sign in with Google’ or ‘Sign in with Facebook’ button.If the user hasn’t registered before, a phone verification will be needed additionally. After the user logs in, he/she is directed to an index page that has a dashboard which contains authorized functions assigned to his/her role.",3,0,1,1,5,4,1,1,6,2,0,1,2,5,4,2,1,7
"User enters a customer name. System searches the customer file for the entered name. . System displays customer name(s) that match the entered name, and other customer data. Display error message if no customer is found with that name.",1,1,0,1,3,2,1,0,3,1,0,0,1,2,2,1,1,4
"The Use Case starts when user opens the edit e-mail page.The users enters e-mail, name, surname and category of e-mail, then clicks add button. Changes are saved to database, system shows a success message.",1,0,1,1,3,2,1,0,3,1,0,1,1,3,2,1,0,3
Admin(s) open the application and controls the information and documents. If the application is Ok and has nothing wrong admin approves it. Approved data is sent to the department.,1,0,1,0,2,2,1,0,3,1,0,1,1,3,2,1,0,3
Open display psychological support student sessions page. Click on psychological support student session name or details button. System open psychological support student session details page,1,1,0,1,3,2,1,0,3,1,1,0,1,3,2,1,0,3
"Open display semester registration page. Click on display all button for specific student. System shall open all semesters page. System shall display data for all previous registered semesters. System shall display total plan hours for student study, passed hours and remaining hours.",1,1,0,1,3,2,1,1,4,1,1,0,2,4,3,2,0,5
"Captain clicks the sign up button. System redirects the captain to the sign up page. Captain enters his/her email.Captain enters his/her password. Captain enters his/her username. Captain enters his/her phone number. Captain enters his/her address. Captain loads required documents to the system. Captain clicks the “sign up” button. System sends information mail to the captain after the documents are approved. Cooperative worker opens the app. Cooperative worker clicks the sign in button. System redirects the cooperative worker to the login page. Cooperative worker enters his/her email and password in the respective fields. Cooperative worker clicks the login button. System checks user information in the database. If information is correct, system redirects the cooperative worker to the main page.",4,1,0,4,9,7,2,2,11,3,0,2,3,8,5,2,1,8
"Open display all scholarship termination page. Click edit button for specific scholarship termination. System shall open edit scholarship termination page. System shall fetch student and scholarship termination information from database. System shall display data. User can edit decision date, notes and attach files. Click save button",1,1,0,1,3,2,1,0,3,2,1,0,1,4,4,2,0,6
Candidate is unable to successfully login to the system.  Candidate informs the Department Secretary about the issue The Department Secretary confirms that the candidate owns the account they are trying to login. The Department Secretary notifies the system administrator about the issue,1,1,0,1,3,1,2,1,4,1,0,1,1,3,2,1,1,4
"Advisor click advisor button. System shows the advisor login page. Advisor fill the e-mail field. Advisor fill the password field. Advisor click the login button System shows the homepage. If advisor forget password, advisor click the forget password button. System shows password change interface.",4,1,0,3,8,7,1,1,9,3,0,1,2,6,4,1,0,5
Open display transportation matrix page. Click copy transportation matrix button. Cop transportation matrix page opened User select source year and semester. User select destination year and semester. Click Save button to save transportation. all transportation cost copied from source semester to destination one.,2,1,1,2,6,4,2,0,6,2,1,1,1,5,3,1,0,4
The admin selects to view the orders list. The web app retrieves the orders data. The web app displays the orders list. The web app displays Error/Confirmation messages.,1,1,0,1,3,2,1,0,3,1,1,1,1,4,2,1,0,3
Display all Activity. Click delete button for specific activity. Confirm message is shown. Click Ok button,1,0,0,0,1,1,0,0,1,1,0,1,0,2,1,1,0,2
The documents sent by the students have been received by the system. Administrator receives the documents Administrator prompts the system to start the confirmation process. System communicates with the OBS and E-Devlet to confirm the documents. Candidate's documents are valid and their application to become a candidate has been approved. System informs the student about the result,3,0,2,1,6,4,2,2,8,2,0,2,2,6,4,2,1,7
"EABDB select the inbox button. System shows the inbox. EABDB click the system message. EABDB fill the anti-spam field. EABDB submit “approved"" in status field. EABDB submit for correction. System transmits this operation to EABDB pending requests’s outbox. System transmits this operation to student pending request’s inbox. System send a notification to advisor and student. System transmits this operation to EABDB pending requests’s outbox. System send a notification to advisor and student about correction",4,0,3,3,10,7,3,0,10,3,1,3,3,10,5,3,0,8
The admin enters the employee data. The web app retrieves the employee’s data to verify if the employee exists. The web app adds the new employee. The web app displays Error/Confirmation messages.,1,1,1,1,4,2,1,1,4,1,0,1,1,3,2,1,1,4
"Customer opens the app. Customer clicks sign in button. System redirects the customer to the login page. Customer enters his/her email and password in the respective fields. Customer clicks the login button. System checks user information in the database. If information is correct, system redirects the customer to the main page.",2,1,0,2,5,4,1,1,6,2,0,0,2,4,4,1,1,6
Student chooses the option that indicates that they will try to apply for candidacy. Student uploads related documents. System sends the documents for confirmation.,2,0,1,1,4,2,2,0,4,1,0,0,1,2,2,1,0,3
"Open display committee meetings page. Click on details button. System open committee meeting details page. System shall display, Meeting details - Meeting Audience - Meeting Decisions - Count of alert, warning, freeze, cancel freeze and dismiss requests - Meeting Attachments""",1,1,0,1,3,2,1,0,3,1,1,0,1,3,2,1,0,3
"Click delete button for specific college category. Confirm message is shown.  Click Ok button. College category has been deleted. Error message shown college category cannot be deleted, because there is data related to it",1,0,1,1,3,1,1,1,3,1,0,1,1,3,1,1,1,3
"Open display universities and branches page. Click on add college button for specific university. ""Enter college data, College Name - College English Name - Category - Extra Fees"" Click add button. New college has been added to university.",1,0,0,0,1,1,1,0,2,1,0,1,1,3,2,1,0,3
Open display rooms page. Click on room name or details button. System open room details page,1,1,0,1,3,2,1,0,3,1,1,0,1,3,1,1,0,2
Display all Al Fakhoora house visits. Click edit button for specific Al Fakhoora house visits. System open Al Fakhoora house visits edit page User can edit Al Fakhoora house visits information. Click Save button.,1,1,1,1,4,3,1,0,4,2,1,0,2,5,3,1,0,4
"Open add partner page. Enter partner name,  partner information.Click add button. System save information and redirect to display all partners page",1,0,1,1,3,2,1,0,3,1,0,0,1,2,2,1,0,3
Open universities financial statements page. System shall view all universities financial statements. User can filter result list based on data viewed (filters),1,1,0,1,3,3,1,0,4,1,1,0,1,3,2,1,0,3
The system directs the user to the homepage. The system notifies the fisherman that the auction has started. The fisherman goes to the auction page and watches the live stream auction that the system shows. The system shows the fish that are sold next to the live stream.,1,1,0,2,4,3,1,0,4,1,0,0,2,3,4,1,0,5
Applicant fills the given form by the system with correct and up-to-date information. Clicks on the ‘Next’ button. Form is saved System directs the user to the next application page in which the user is asked to provide his/her related documents along with additional information. User selects his/her citizenship and working status. User uploads all required documents. Clicks on the submit application button. System saves the documents and additional information provided Sand displays a message indicating the success of the transaction of the user. (Use Case ID 3),2,0,2,2,6,4,2,0,6,2,0,1,2,5,4,2,0,6
"Open add complain page. Enter Student ID,  Student Name. Choose complain or suggestion. Enter Title. Select category. Enter Email, Phone. Attach some files if needed. Enter message body. Click Add button",1,0,0,0,1,1,0,0,1,1,0,0,0,1,1,1,0,2
"Open add message page. User select receiver username (multi select, auto complete).  User Enter message title. User Enter message body. User upload attachments. Click Add button. System saves message and send it to receiver",1,0,1,1,3,2,1,0,3,2,0,1,1,4,3,1,0,4
Student fill the name and surname field. Student fill the student ID field. Student fill the E-Mail field. Student fill the advisor field. Student select with Master’s in Program name field. Student fill the University field. Student fill the code field. Student fill course name field. Student fill credits field. Student fill ECTS field. Student select the counted or not counted counted toward credits field. Student select “For Approve” in status field. Student click the save changes button. Student filled the anti-spam field. System transmits this operation to advisor pending requests’s inbox to approve. System transmits this operation to student pending requests’s outbox. System send a notification to advisor.,2,0,2,1,5,3,2,0,5,3,1,3,3,10,5,3,0,8
The user clicks to the bid button. The system checks the user’s budget. .The system update the fish price The system checks if this bid is the last bid or not. Finish the bid The system withdraws money up to the bid amount the user budget.,1,0,2,0,3,1,2,2,5,2,0,1,2,5,4,2,1,7
User clicks on the ‘Account Settings’ button. Systems shows his/her personal information related to his/her account. User changes his/her personal information related to his/her account or deletes the account. System asks for confirmation for the changes made. User confirms the changes. System saves the changes.,3,1,1,2,7,5,2,0,7,2,0,1,1,4,3,1,0,4
The Study Performer requests the appropriate template in the report template manager. The Study Performer stores the Study Report. The Study Consumer shows the study images and report.,1,1,1,1,4,1,2,0,3,1,0,1,1,3,2,1,0,3
"Libraryman clicks the manage tab Libraryman clicks “Update or Create Events” tab System loads a search box Libraryman enters the title of event  Libraryman enters the event details, Libraryman clicks enter System saves the event. System creates financial records document. System returns libraryman to the main page.",1,0,2,1,4,2,2,0,4,2,0,1,1,4,4,2,0,6
"The waiter enters the table where the customer is installed. The mobile app sends the selected table to the web app.  The mobile app receives the list of items previously selected by the customer with their quantities and comments. The mobile app displays the items previously selected by the customer with their quantities and comments to the waiter. The waiter deletes the existing item, modifies items' quantities and/or modifies items' comments. The mobile app sends the modified items to the web app. The mobile app receives Error/Confirmation messages from the web app. The mobile app displays Error/Confirmation messages to the waiter.",2,1,1,2,6,4,2,0,6,2,1,1,3,7,4,2,1,7
"User(s) shall click the website and open in. User(s) shall click his/her role and moves on according to it. User(s)fill their credentials to the fields which are email and password or login via Google+ or Facebook account. User(s) click the Sign In button. User may not fill the fields properly, the warning message can appear. System verifies credentials or account and shows appropriate message",2,1,0,1,4,3,1,1,5,2,1,1,2,6,4,2,1,7
Create account with the user information. (see 1.1.E1) Generate user ID and password. Send the user information to the user.,0,0,1,1,2,1,1,1,3,1,0,0,1,2,1,1,1,3
User types his/her username. User types his/her password. User clicks on login button. User logged in.,1,0,0,1,2,2,0,1,3,1,0,0,0,1,1,1,0,2
The customer clicks the “payment information” button. The system brings up the user’s payment information page. There is a list of registered credit cards and an add button. The customer clicks the add credit card button. The system displays the page that contains text boxes where credit card information is entered and a save button. The customer enters the credit card information. The payment authorization service validates the credit card. The customer clicks the save button. The system saves the credit card to the database and updates the registered credit cards list.,4,1,1,2,8,5,2,1,8,3,1,1,3,8,4,2,1,7
Actor clicks on the button of the authentication client s/he prefers. Authentication client initiates its process. Actor follows the authentication client's on screen instructions to authenticate. Website  redirects the actor to the relevant homepage.,1,0,0,2,3,3,0,0,3,1,0,1,1,3,2,1,1,4
"Open display committee meeting page. System shall display list of committees meeting basic information. System shall display count of alert, warning, freeze, cancel freeze and dismiss requests.",1,1,0,1,3,2,1,0,3,1,1,0,1,3,3,1,0,4
Enter username and password. The web app checks the  validity of admin data.  The web app displays the user state (Connected/ Not connected). The web app displays Error/Confirmation messages.,1,1,0,1,3,2,1,1,4,1,0,0,1,2,2,1,1,4
"Website redirects the applicant to a relevant success page. Website renders the assessment form. DA provides the necessary inputs to form elements. DA clicks on the ""Finish Assessment"" button Website sends the assessment to the Grad School admins. Website redirects DA to a relevant success page.",1,0,0,2,3,2,0,0,2,2,0,0,1,3,3,1,0,4
Advisor clicks the pending request module. System open requested module page Advisor passes the anti-spam field. Advisor selects the status of the module as ‘controlled’. Advisor clicks the save changes button. System transfers this operation to EABDB pending requests’ inbox to approve. System transfers this operation to advisor pending requests’ outbox. System sends a notification to EABDB.,3,1,2,2,8,5,3,0,8,2,0,2,2,6,4,2,0,6
Open display student costs page. Click details button for specific student. System open student cost details page Click delete button for specific cost. Confirm message is shown. Click Ok button. Cost has been deleted,2,0,1,0,3,2,2,0,4,1,0,1,1,3,2,1,0,3
Grad school browses to “view application details” section. System show the appllication details page. Grad school clicks on applicant’s name and redirected to page that includes applicant’s information and application files. System displays summary of the application which consist of documents and related information,2,2,0,2,6,4,2,0,6,1,1,0,1,3,3,1,0,4
Open add committee meeting page. Enter required data explained in committee meeting. Click add button. System shall add students request to meeting. System save information and redirect to meeting edit page.,1,0,1,1,3,2,1,0,3,2,1,0,1,4,2,1,0,3
Tenant enters the page that can create flows. Tenant clicks the button “Add New Step”. Tenant finds the “Varuna” in the “Connectors” list. Tenant clicks a trigger from the list of triggers of “Varuna”. System shows trigger configuration Tenant makes the necessary configuration for the trigger. Tenant uses other connectors to extend flow. Tenant clicks the “Save” button to save flow. The system saves the flow changes,2,1,1,1,5,3,1,0,4,3,0,1,1,5,4,2,0,6
"Open add academic year page. Enter academic year information, Academic year, Notes, is Current year. Click Add button. New academic year page has been added",1,0,1,0,2,1,1,0,2,1,0,1,0,2,1,1,0,2
"Customer clicks the cart tab. The system displays the customer’s cart. The page consists of a list which shows all the fish and prices the customer has bought, total price the customer needs to pay and a make payment button. Customer clicks the make payment button. System brings up the available credit cards list which are registered by Customer. Customer clicks the credit card that he/she wants to pay with. Customer clicks the pay button. Customer is directed to the Payment Authorization Service to make payment. Customer is directed back to the homepage with a success message. After redirection, payment amounts for individual fishermen related to purchases of the customer is calculated. %18 VAT is excluded from each sale. Sales are saved to the system. Sale information is sent to the accounting system. Sale information is sent to the customer and fishermen.",3,2,1,4,10,8,4,2,14,3,1,2,3,9,4,2,1,7
Student uploads the thesis work. Press the submit button. Jury receives the thesis work and evaluates it. Jury can reach the submit T.S.S resuts process.,1,0,0,0,1,2,0,0,2,2,0,0,1,3,2,1,0,3
"The GP selects the patient in his / her Primary Care EHR System. The GP selects the generation of a referral letter. The Primary Care EHR System automatically selects data from the system, and creates the referral letter for the patient. The referral letter is shown in an editable form, the GP can add the reason for referral, and other relevant information that is not in the automatically generated letter The GP selects a specialist from a HealthCare Provider Selector. The referral letter is sent to the receiving specialist",2,1,1,3,7,5,1,0,6,2,1,1,2,6,4,2,0,6
"Open display all committee meeting page. Click edit button for specific meeting. System open committee meeting edit page. User can edit, Meeting basic information - Add or delete from meeting audiences"". Click Save button. Click close meeting button. System show confirm message inform user that meeting cannot be edited after closing it.",2,1,1,2,6,4,2,0,6,2,1,1,2,6,4,2,0,6
"Open complaints and suggestion page. System will display complaints and suggestion information (Number, Type (Complaint or suggestion), Sender Name, Title, Status, User responsible) System should display basic statistics (total number of complains, total number of suggestions, number of active and closed complaints)",1,1,0,1,3,2,1,0,3,1,1,0,1,3,3,1,0,4
The fisherman clicks the logout button. The system notifies the fisherman that the system will exit and wants the fisherman to confirm it. The fisherman clicks the confirm button. The system directs the fisherman to the login page,1,0,0,1,2,2,0,0,2,1,0,1,1,3,3,1,0,4
Display all surveys. Click duplicate button for specific survey. New survey has been added with the same data. User can edit or publish survey information,2,0,1,0,3,2,1,0,3,1,1,0,1,3,2,1,0,3
"DA clicks on the ""Set Interview"" button next to applicant's name. Website renders the interview date and time form. DA selects the interviewer, interview class and interview date and time in the form. DA clicks on the ""Assign"" button to schedule an interview. Website informs applicant of the new interview assignment. Website redirects the DA to a relevant success page.",2,0,0,2,4,4,0,0,4,2,0,1,2,5,3,1,0,4
"The user ticks the course(s) to delete. The user chooses ""Delete Course"" option. The system shows a confirm pop up. The user clicks on the ""Confirm"" button. System deletes the courses from to the database. The system redirects the user to the course list page.",1,0,1,1,3,2,1,0,3,1,0,1,1,3,3,1,0,4
Display all Employer. Click delete button for specific employer. Confirm message is shown. Click Ok button. Employer has been deleted,1,0,1,0,2,1,1,0,2,1,0,1,0,2,1,1,0,2
User enters task name. User enters task location. User selects task priority. User clicks “Add Task”. System saves the task.,1,0,1,0,2,1,1,0,2,1,0,1,0,2,2,1,0,3
The Student selects the ‘Delete Schedule’ command and his ID is entered. C-Reg retrieves the Student’s Schedule items.  C-Reg displays the Student’s Schedule items. C-Reg prompts the Student to verify the deletion. The Student confirms the deletion. C-Reg deletes the Student Schedule items. C-Reg sends the deleted Course Offering ID’s to the Course Catalog. Display error message.,2,1,1,2,6,4,2,1,7,1,0,1,1,3,3,2,1,6
The web app receives the modified items. The web app updates the order data. The web app displays the Error/Confirmation message.,1,0,1,1,3,2,1,0,3,0,0,1,1,2,1,1,0,2
User clicks on Camera icon. The application opens the camera. The application shows the users photo book. User takes photo from his book. User specify the lines that he wants to share. User choose a book name and author name. The application directs the user to the sharing page of book information. A new post is created with book information and picture,1,0,1,0,2,1,1,0,2,2,1,1,2,6,4,2,0,6
Open add employer page. Enter employer information. Click Add button,1,0,0,0,1,1,0,0,1,1,0,0,0,1,1,1,0,2
The web app receives the selected table. The web app retrieves the list of item families selected by the customer.  The web app sends  the list of item families selected by the customer to the mobile app. The web app retrieves the list of items selected by the customer. The web app sends  the list of items selected by the customer.,1,1,0,1,3,2,1,0,3,2,1,0,2,5,4,2,0,6
User enters data for new customer and presses ‘Add new customer’ button. System creates new customer record. There will be error messages from validation failures,1,0,1,1,3,1,1,0,2,1,0,1,1,3,2,1,0,3
User is logged out and all the session information is cleaned. The session is terminated.,0,0,1,1,2,1,1,0,2,1,0,1,1,3,1,1,0,2
"The admin modifies the desired fields (name, price, quantity, image, etc.) and asks the web app to update the data of the item. The web app saves the change. The web app displays Error/Confirmation messages.",1,0,1,1,3,2,1,0,3,1,0,1,1,3,2,1,0,3
Display all Meeting requests. Click edit button for specific Meeting request. System open Meeting request edit page. User can edit Meeting request information. Click Save button,2,1,0,1,4,3,1,0,4,2,1,1,1,5,3,1,0,4
"Open student bridging requests page. Click details button for specific student bridging requests. System shall open student bridging requests details page. System shall display student name, university, branch, college, specialty, level, phase, batch. System shall display all previous alerts, bridging requests and freeze decisions for student. System shall display decision date, notes and attach files",1,1,0,1,3,2,1,0,3,1,1,0,1,3,3,2,0,5
"Captain clicks the sign in button. System redirects the captain to the login page. Captain enters his/her email and password in the respective fields. Captain clicks the login button. System checks user information in the database. If information is correct, system redirects the captain to the main page",2,1,0,2,5,3,1,1,5,2,0,0,2,4,4,1,1,6
The system sends the election results to the administrator. The administrator checks the result of the election. The administrator informs the chosen candidate.,0,2,0,1,3,1,3,0,4,1,0,1,1,3,2,1,1,4
"Open display activities page. Click on activity name or details button. System open activity details page system shall display activity full information, groups, students, grades",1,1,0,1,3,2,1,0,3,1,1,0,1,3,2,1,0,3
"User has already logged in to the system and wants to change his/her password starts the password reset process by pressing the “Reset Password” button. Password reset interface shows up, the user will be asked to enter his/her new password.",1,0,0,1,2,2,0,0,2,1,0,0,1,2,2,1,1,4
The Editor selects an article to publish. The system accesses the Online Database and transfers the article and its accompanying information to the Online Journal database.,1,1,1,1,4,2,1,0,3,1,0,0,1,2,2,1,0,3
Open report page. User choose filter. System shall display report data. User can export report as pdf or excel sheet. User can print report. User can save report.,1,1,0,1,3,2,1,0,3,2,1,1,1,5,3,1,0,4
System open constant edit page. User can edit constant information. Click Save button. Constant edits has been saved,1,0,1,0,2,1,1,0,2,1,0,1,1,3,2,1,0,3
Display all employers. Click edit button for specific employer. System open employer edit page. User can edit employer information. Click Save button,2,1,0,1,4,3,1,0,4,2,1,1,1,5,3,1,0,4
"Open display semester registration page. Click add button. System shall open add new semester page. System shall display Student Name, Academic Id, Year and Semester from previous page. System shall display Student Level from DB. System shall display Hour Cost (JOD) from DB. User enter required data. Click save button",2,1,0,1,4,3,1,0,4,2,1,0,1,4,4,2,0,6
EABDB clicks the pending request module. System open requested module page. System shows the requests. EABDB passes the anti-spam field. EABDB selects the status of the module as ‘approved. EABDB selects the status of the module as ‘not approved’. EABDB clicks the save changes button. System transfers this operation to EABDB pending requests’ outbox. System transfers this operation to student pending request’s inbox. System sends a notification to student. System send a notification to advisor and student about correction.,2,1,2,2,7,4,3,0,7,3,1,2,2,8,5,3,0,8
"User clicks on “Login” section. System shows the login page. User enters his credentials in the area provided for that. System checks if the entered user credentials are valid. System checks if the entered login parameters are valid. If the user provides invalid login information, the system notifies the user and redirects him to login section.",2,1,0,2,5,4,1,1,6,1,0,0,1,2,4,1,1,6
"Open add scholarship termination page.  Enter student name (Input should be auto complete). System shall fetch student information from database. System shall display, Name - University - Branch - College - Specialty - Level - Phase - Batch"". System shall display Academic year and semester. System shall display all previous alerts, warning and freeze decisions for student  User add decision date. User can add notes. Attach required files. Click add button",2,1,0,1,4,3,1,0,4,2,1,0,1,4,4,2,0,6
Display all Al Fakhoora house visits. Click delete button for specific Al Fakhoora house visits. Confirm message is shown. Click Ok button. Al Fakhoora house visits has been deleted Open add Meeting request page. Enter Meeting request information. Click Add button Open Display Meeting requests page. System shall display Meeting request basic information,3,1,1,1,6,4,3,0,7,2,1,1,1,5,3,2,0,5
Open display scholarship termination page. System shall display scholarship terminations data.,1,1,0,1,3,2,1,0,3,1,1,0,1,3,2,1,0,3
Select Notifications. Click delete button. Confirm message is shown. Click Ok button. All selected notifications have been deleted.,1,0,1,0,2,1,0,0,1,1,0,1,0,2,1,1,0,2
Advisor check to plagiarism rate of the thesis. Advisor accepts the student's thesis work.,1,0,0,0,1,1,0,0,1,1,0,0,0,1,2,1,0,3
Open add SMS template page. Enter template title. Enter template text. Click Add button. New SMS template is saved,1,0,1,0,2,1,1,0,2,1,0,1,0,2,2,1,0,3
"Healthcare information system A (HIS A) stores the patient consent. HCP selects the relevant documents HIS A sends the relevant documents to HIS B through a secure electronic connection. HIS B receives the documents, and stores them. It shows a notification for the HCP in healthcare organisation B.",1,0,2,1,4,2,2,0,4,1,0,0,1,2,3,1,0,4
Open message details page. Click reply button. System redirect to add new message with the message data saved and added to new message. New message receiver would be the sender of the first message. New message title would be “Reply to:” + the title of the first message. Reply messaged is saved and sent to receiver,1,0,1,1,3,3,1,0,4,1,0,2,2,5,3,1,0,4
Grad school opens the documentations of students. System shows the documentation of students page. Grad school clicks to confirm button.,2,1,0,1,4,3,1,0,4,1,0,1,0,2,2,1,0,3
Open display graduation request page. System shall display all graduation request,1,1,0,1,3,2,1,0,3,1,1,0,1,3,2,1,0,3
"User clicks on the ‘Application Status’ button, displayed on the left of the screen. System shows his/her application status. If the interview is set by the department it is shown right below the application status information. If the interview is not set yet, then an indicative message is displayed instead.",1,1,0,1,3,2,1,1,4,2,1,0,2,5,3,1,0,4
"Buyer clicks the email button. Buyer enters a valid e-mail address with email format to the email textbox Buyer clicks the password button. Buyer enters the valid password with a password field that should be 8 characters. Buyer login Auction System with clicking the “LOGIN” button. If the buyer enters the user information correctly, the system will switch to the auction panel.",5,1,0,1,7,6,1,1,8,3,1,0,2,6,4,1,0,5
Open display albums page. Click on specific album. System shall open album items page,1,1,0,1,3,2,1,0,3,1,1,0,1,3,2,1,0,3
Click edit button for specific address. System open address edit page. User can edit address information. Click Save button. Address changes saved,2,1,1,1,5,3,2,0,5,2,1,1,1,5,3,1,0,4
The cooperative Member clicks to the relevant auction. Auction outline is displayed by the system showing the fishes and their sale details. The cooperative Member clicks “check unsold fish” to view the unsold fish on the auction page. The cooperative member sees all unsold fish and the fisherman to which they belong. The cooperative member gives the fish back to the fisherman and clicks the checkbox from the system. The system updates the database according to the selection about the fish.,3,2,1,2,8,5,2,0,7,2,1,1,2,6,5,2,0,7
Open students’ transportation page. Click add button for specific student. System shall open add transportation page. System shall display information about transportation amount for student based on transportation matrix. System shall display notes if student have any debit in his account. User can edit transportation amount. User add payment method. User attach files. User can add notes. Click save button Transportation changes has been saved,2,1,1,2,6,4,2,0,6,3,1,1,2,7,4,2,0,6
Student goes his/her profile and finds SUBMISSONS button and clicks. Student uploads his/her thesis work to the system. System shows the plagiarism rate through Turnitin.  The system accepts the thesis work.,1,0,1,1,3,2,1,0,3,1,0,1,1,3,3,1,0,4
HP EHR System selects the patient. HP EHR System requests the current immunization and/or the immunization history. HP checks the immunization serology from a lab report. HP EHR System imports the list of current immunization and/or history into the HP EHR System. HP views the generated list of current immunization and/or history from his / her own HP EHR System,0,1,1,1,3,2,2,0,4,2,1,1,3,7,4,2,0,6
"Customer enters name, surname, address, telephone number, username and password. Customer hits the Sign Up button. System checks the address for delivery. System checks if the phone number is unique or not. System checks the username which is unique or not. System saves the information to the database. Customer verifies the telephone number by entering the code sent to the given number. Customer hits the Complete Registration button.",2,0,1,0,3,2,1,1,4,3,0,0,2,5,4,1,1,6
User clicks the list confirmed applications button. The program shows all the confirmed applications of that department to the user if any. User can click view details to continue to student review.,2,1,0,1,4,3,1,0,4,2,1,0,1,4,3,1,0,4
Patient enters weight and blood pressure in a smartphone/tablet/pc application. The patient information is sent to and saved in the Monitoring Service software Sudden rises or drops in the measured values trigger an alert message to the Medical Triage Centre. The Medical Triage Centre sends an alert to the Healthcare Centre.,1,0,1,2,4,3,3,1,7,1,0,1,1,3,2,1,0,3
The applicant opens the upload documents page. The applicant adds the necessary files to the relevant place. The applicant clicks the save changes button. The applicant is forwarded to complete application page. Files that are uploaded are added to the database.,1,0,1,1,3,2,1,0,3,2,0,1,1,4,3,1,0,4
Open university financial statement details page. Click Approve button. Financial statement has been approved and cannot be deleted.,1,0,1,1,3,2,1,0,3,1,0,1,0,2,1,1,0,2
"Click delete button for specific specialization. Confirm message is shown. Click Ok button. Specialization has been deleted. error message shown specialization cannot be deleted, because there is data related to it.",1,0,1,1,3,1,1,1,3,1,0,1,1,3,1,1,0,2
Open display field visit page. System shall display all field visit,0,1,0,1,2,2,1,0,3,1,1,0,1,3,2,1,0,3
"User clicks on the “Book Exchange” tab in the application. System shows ""Book Exchange"" page. User searches a book to exchange, of a specific name or category. User clicks on the search button. The application displays a list of the books available for exchange in a specified local area, ordered by the distance to the user. User clicks on any offer and may send a message to the user to communicate for an exchange appointment. User clicks on “send request” button. System saves request data.",3,1,1,2,7,4,3,0,7,3,1,1,2,7,4,1,0,5
Institute officer checks if the thesis copy is in accordance with the regulation. Institute officer confirms or rejects the thesis copy.,1,0,0,0,1,1,0,0,1,1,0,0,1,2,2,1,0,3
"The user selects one of the e-mail lists located right on the page. The user selects events from the event list located left on the page. The user clicks send button. The events gets sent to e-mail addresses, the system shows a success message.",1,0,0,2,3,3,0,0,3,1,0,1,1,3,3,1,0,4
The Consent Source records the patient’s consent. The ePrescription Consumer shows the epSOS ePrescription to the patient The pharmacist selects the patient in the ePrescription Consumer. The pharmacist retrieves the patient’s ePrescription via the pharmacy’s computer in a secure way. The requested medication is then dispensed to the patient,1,2,1,2,6,4,3,0,7,1,1,1,2,5,3,1,0,4
"Customer selects the check-in and check-out date, room type, number of adults, number of children from the web interface of ORRS and click next button. System displays available rooms available for the customer chosen dates Customer can sort using sort option using highest & lowest. Customer selects the room and click next button. System displays a page to enter customer details Customer enters all requested details and click next button System displays payment details authentication page Customer enters credit card details for authentication purpose and click submit button, System stores details and send a confirmation email to customers with customer entered details and check-in/check-out information",4,1,1,4,10,8,2,0,10,3,2,1,3,9,4,2,1,7
Display all scholarship freezing requests. Click delete button for specific scholarship freezing requests. Confirm message is shown. Click Ok button. Scholarship freezing requests has been deleted,1,0,1,0,2,1,1,0,2,1,0,1,0,2,1,1,0,2
Open add activity page. Enter activity basic information. Add activity groups. Add groups time schedule. User can add groups time schedule to new calendar. Add groups students. Click Add button User can import student from excel sheet Open display activities page. System shall display activity basic information. System shall display only activity for component logged in user belong to or has privilege on it,3,1,0,1,5,4,1,0,5,3,1,1,2,7,4,1,0,5
"The user enters his/her email.The user enters his/her password.The user clicks on ""Login"" button. The system redirects the user to the main page.",1,0,0,1,2,2,0,0,2,1,0,0,1,2,2,1,0,3
"Open add student transference requests page. Enter student name (Input should be auto complete). System shall fetch student information from database. System shall display, Name - University, Branch - College - Specialty - Level - Phase - Batch"". System shall display Academic year and semester.  System shall display all previous alerts, transference requests and freeze decisions for student User add decision date. User can add notes. Attach required files. Click add button",2,1,0,1,4,3,1,0,4,2,1,0,1,4,3,1,0,4
"Click delete button for specific college. Confirm message is shown. Click Ok button. College has been deleted. error message shown college cannot be deleted, because there is data related to it.",0,0,1,1,2,2,1,1,4,1,0,1,1,3,1,1,0,2
Open display users page. Click on user name or details button. System open user details page.,1,1,0,1,3,2,1,0,3,1,1,0,1,3,2,1,0,3
Click on contact name or details button. System open contact details page. System shall view all contact information. System shall view training and activities where contact participate.,1,1,0,1,3,2,1,0,3,1,1,0,2,4,3,1,0,4
"Enter your user ID. Enter your password. Check or uncheck remember me. Click login button If user access is denied since user is blocked, Error message is shown. Otherwise system shows the homepage.",1,1,0,1,3,2,1,1,4,1,0,0,1,2,2,1,0,3
Display all scholarship termination. Click delete button for specific scholarship termination. Confirm message is shown. Click Ok button. Scholarship termination has been deleted,1,0,0,0,1,1,1,0,2,1,0,1,0,2,1,1,0,2
User clicks “Report” button. The application opens a report page. User writes his reasons why he wants to report that user. User clicks send button. System saves the report of the user.,1,0,1,0,2,1,1,0,2,2,0,1,1,4,3,1,0,4
"Department evaluates applications to decide which applicant suitable. Then, deliver to result over the system.",1,0,0,0,1,1,0,0,1,1,0,0,0,1,1,1,0,2
The user enters the system. Login screen is displayed. User clicks the Sign-Up button. System asks the user if she/he is a customer or cooperative member. The user chooses if he/she is a cooperative member or a customer. System displays the relevant sign up interface. They are the same except for the cooperative member there is an additional slot for the entrance of validation code which is given by the cooperative head to each cooperative member. The user enters his/her information. System saved signup information and the user finishes the sign-up phase successfully.,2,0,1,3,6,5,1,0,6,3,0,1,3,7,5,2,1,8
"Click delete button for specific branch. Confirm message is shown. Click Ok button. Branch has been deleted. error message shown branch cannot be deleted, because there is data related to it.",1,0,1,1,3,1,1,1,3,1,0,1,1,3,1,1,0,2
User indicates that he wants to enter or modify his preferences. The system displays all current product lines. It indicates any product lines that the user has currently selected. The user selects/deselects product lines. The system displays current language preferences. It indicates the language preference currently selected. The user may select a different language preference. The system stores any changes preference.,3,2,1,2,8,4,1,0,5,3,1,1,2,7,4,1,0,5
Open add training page. Step 1: Enter training basic information. Step 2: Add training groups. Add groups time schedule. User can add groups time schedule to new calendar. Step 3: Add groups students. Click Add button User can import student from excel sheet,2,0,0,0,2,2,0,0,2,2,1,1,1,5,3,1,0,4
Display all surveys. Click publish button for specific survey. System redirect to publish survey page. Enter date publish from and to. Click publish button. New survey has been published. System view survey link. SMS and email sent to selected students to fill survey User can copy or open survey link.- Select students to fill survey by selecting them manually or import excel sheet,4,0,1,2,7,6,1,1,8,2,1,1,2,6,4,1,0,5
Open display career day page. Click details button for specific career day. System open career day details page,1,1,0,1,3,2,1,0,3,1,1,0,1,3,2,1,0,3
Advisor enters his/her login information. Advisor submits his/her login information. Advisor is directed to the advisor dashboard.,1,0,0,1,2,2,0,0,2,1,0,0,1,2,2,1,0,3
Open Display all focus groups page. Click edit button for specific focus group. System shall display edit focus group page User select new criteria. User click show students. System shall display list of students meets selected criteria. Click save button,3,2,0,2,7,5,2,0,7,2,1,0,2,5,4,1,0,5
"Clicks on the “choose file” button on the upload document field. File explorer window for user’s device shows up. User chooses his/her documents from his/her device.. User realizes the upload is done when the file name appears instead of ‘Choose a File’ text. Clicks on the submit application button. System saves the documents and additional information provided, and displays a message indicating the success of the transaction of the user",2,0,1,0,3,3,1,0,4,3,0,1,1,5,4,1,0,5
Open display employers page. Click on employer name or details button. System open employer details page,1,1,0,1,3,2,1,0,3,1,1,0,1,3,2,1,0,3
"User clicks “Settings” button. System shows the ""Settings"" page. User choose the item that he wants to change its settings. After user completed his settings he clicks save button. System saves the settings changes.",2,0,1,1,4,3,1,0,4,3,0,1,2,6,4,1,0,5
Open Display Al Fakhoora house visits page. System shall display Al Fakhoora house visits basic information,1,1,0,1,3,2,1,0,3,1,1,0,1,3,2,1,0,3
Open all complaint list page. Click on details button for complaint. System will display complaint details page,1,1,0,1,3,2,1,0,3,1,1,0,1,3,2,1,0,3
Open display E-Work applications page.,1,0,0,0,1,1,0,0,1,1,0,0,0,1,1,0,0,1
Fisherman makes a request to login with their credentials. The System matches the fisherman's credentials with the database. The System confirms the information. The System logs the fisherman in. The system directs the user to the homepage.,1,1,0,1,3,2,1,1,4,1,0,0,1,2,3,1,0,4
"Open display students page. System shall display student basic information, Academic ID - Name - University - Mobile - GPA - Status - Notes""",1,1,0,1,3,1,1,0,2,1,1,0,1,3,2,1,0,3
Student click modules. System shows the modules submenu. Student click Module TTAS. System open Module TTAS. Student fill the name and surname field. Student fill the student ID field. Student fill the E-Mail field. Student click Advisor button and select advisor’s name in advisor field. Student fill the thesis name in thesis name field(if student is in third semester). Student click button “Master’s” in program name field. Student filled the anti-spam field. Student select “For Approve” in status field. Student click the “save changes” button. System transmits this operation to advisor pending requests’s inbox to approve. System transmits this operation to student pending requests’s outbox. System send a notification to advisor.,3,0,2,3,8,6,2,0,8,3,1,2,3,9,5,2,0,7
All auction processes are done. Cooperative manager clicks the stop auction button. Auction stopped message is displayed on the screen. The system returns the menu for each user that is designed for them.,1,0,0,2,3,3,1,1,5,1,0,1,2,4,3,1,0,4
User clicks “Start Conversion” button. Translator Component is waked up by UI. Necessary parameters passed to Applet Class Extractor Component. Translator Component logs that the conversion is completed. UI Component gets information about the completed conversion from Logger Component. UI Component pops up a dialog box indicates that the conversion is completed.,1,0,0,0,1,1,0,0,1,2,0,1,1,4,3,1,0,4
Student upload file. Press the submit button. System saves the files. Institute receives the file and confirms it. Student continues his/her thesis. Institute assigns jury.,3,0,1,0,4,4,1,0,5,2,0,1,1,4,2,1,0,3
Display all cycles. Click edit button for specific cycle. System open cycle edit page. User can edit cycle information. Click Save button,2,0,0,0,2,3,1,0,4,3,1,0,2,6,4,1,0,5
Student enters the file upload page. Student chooses the name of the document they want to upload from the documents list. Student confirms the statement about copyrights and ownership of the uploaded document. Student uploads the document to the system. Student receives an e-mail about the upload was successful. Advisor (or advisors) and institute are notified about file upload. Advisor confirms submission of document via our system student is notified via e-mail about confirmation of upload. Student can select “Other” option from the list and redirects to the next step.,3,0,2,2,7,5,2,2,9,3,0,1,2,6,4,2,0,6
Pick an instructor. Pick the role as advisor. Press assign button. The instructor shall be authorized as advisor.,1,0,1,1,3,2,1,1,4,1,0,0,0,1,1,1,0,2
"Open add cycle page. Enter cycle name, information and start date. Select students. Click add button. System save information and redirect to display all cycles page",1,0,1,1,3,2,1,0,3,1,0,0,1,2,2,1,0,3
Open add internship page. Enter internship information. Click add button. System save information and redirect to display all internships page,1,0,1,1,3,2,1,0,3,1,0,0,1,2,2,1,0,3
Admin chooses the “Add new content manager” option. Thes system shows the new content manager page. Admin enters the email address of the content manager to add. Admin sets a default password to that email. Admin chooses the “Confirm” option. New content managers information is inserted into the database.,2,0,1,1,4,3,1,0,4,2,0,1,1,4,4,1,0,5
Display all field visits. Click edit button for specific field visit. System open field visit edit page. User can edit field visit information. Click Save button.,2,1,0,1,4,3,1,0,4,2,1,0,2,5,3,1,0,4
Display all student warning requests. Click approve button for specific student warning requests. Confirm message is shown. Click Ok button. Scholarship termination has been approved,1,0,1,0,2,1,1,0,2,1,0,1,0,2,1,1,0,2
The admin selects to view the employees list. The web app retrieves the employees list. The web app displays the employees list. The web app displays Error/Confirmation messages.,1,1,0,1,3,2,1,1,4,1,1,0,1,3,2,1,0,3
Display all contacts. Click edit button for specific contact. System open contact edit page. User can edit contact information. Click Save button. Concat edited information saved,2,2,1,2,7,4,3,0,7,3,1,1,2,7,4,1,0,5
Open message details page. Click forward button. System redirect to add new message with the message body added to new message. Select message receiver. Forward message is saved and forwarded,2,0,1,1,4,2,1,0,3,1,0,1,1,3,2,1,0,3
Advisor click the pending request button. System open request module page. Advisor select the inbox button. System shows the inbox. Advisor click the system message. Advisor can control students informations. Advisor fill the anti-spam field. Advisor submit approved or for correction in status field. Advisor click the save changes button. System transmits this operation to EABDB pending requests’s inbox. System transmits this operation to student pending requests’s inbox. System transmits this operation to Advisor pending requests’s outbox. System send a notification to student.,5,0,3,3,11,8,3,0,11,3,1,2,3,9,5,2,0,7
Open display cycles page. Click on cycle name or details button. System open cycle details page,1,1,0,1,3,2,1,0,3,1,1,0,1,3,2,1,0,3
Open add survey page. Enter survey title. Enter survey description. Add question title. Select question type. Enter question option if exists. Click add question button. Repeat steps 4 to 7 to add more questions. Click add survey button,1,0,0,0,1,1,0,0,1,2,0,0,0,2,2,1,0,3
"User press “Register” button on QuoteShot screen. System shows the register page. User enters his credentials and submits his information for registration. System checks if the provided information is valid. A new account is created for the user. The user information is kept in database. If the user enters invalid or incomplete information, the system notifies the user and returns to the registration screen.",2,0,1,2,5,4,1,1,6,2,1,1,2,6,4,1,1,6
User(s) click the “Apply Now” button. User(s) fill every section of the application form including document uploadings. User(s) click the “Apply” button for completing the application. Application is saved to the database,1,0,1,0,2,0,0,0,0,2,0,1,1,4,3,1,0,4
Display all albums. Click Edit button for specific album. System will open edit album page. Enter new album name or select new category. Click Save button,2,1,0,1,4,3,1,0,4,2,1,0,1,4,3,1,0,4
"The Jury enters their decision, along with any extra information if necessary, into the system. The system processes the input and calls “Submit document” use case. The system calls “Send e-mail” use case and notifies the relevant departments of the decision. System signals the error.",1,0,1,1,3,2,1,1,4,1,0,1,1,3,2,1,0,3
Student completes and uploads the Thesis. Advisor uploads the Thesis to Turnitin.,2,0,0,0,2,2,0,0,2,1,0,0,1,2,2,1,0,3
"Open student transference requests page. Click details button for specific student transference requests. System shall open student transference requests details page. System shall display student name, university, branch, college, specialty, level, phase, batch. System shall display all previous alerts, transference requests and freeze decisions for student. System shall display decision date, notes and attach files",1,1,0,1,3,2,1,0,3,1,1,0,1,3,3,1,0,4
Open display universities and branches page. System shall display universities and branches basic information. User click on university name. System shall display list of university branches. System shall display list of university colleges. User click on college name. System shall display list of college Specializations.,3,4,0,4,11,7,4,0,10,2,1,0,2,5,4,2,0,6
Patient requests Patient Summary from country A. NCP presents selected Patient Summary,1,1,0,1,3,2,1,0,3,1,1,0,1,3,2,1,0,3
Grad school browses to the “Edit program” page. System display programs list Grad school selects the program that is desired. Grad school chooses an action of his/her choice.,2,1,0,1,4,2,1,0,3,1,0,1,1,3,2,1,0,3
User clicks the “Recommend” from the website’s  and enters the author and name of the book which she wants to recommend to the text input field. After that click the recommend button. If book is in already in the database prints a message. If it is not in database Library staff contacts other libraries and publishers and buy the book after that added it to database.,1,1,1,1,4,3,2,0,5,2,1,1,1,5,4,1,1,6
Open Display addresses page. System shall display address basic information.,1,1,0,1,3,2,1,0,3,1,1,0,1,3,1,1,0,2
Open complaint details page. Enter reply text. Click on reply button. System save reply and send email to user or student,1,0,1,1,3,2,1,1,4,1,0,0,1,2,2,1,0,3
Applicant browses to the registration page. Applicant writes down his/her email address and a password of his/her choice. Applicant presses button to send code. System sends a code the given email address. User gets the code that system has sent. He/She will be using that code to verify that he/she is a valid user. User presses apply button to end the registration process. System verifies code and user is redirected to application page.,2,1,1,2,6,4,2,2,8,3,0,1,3,7,5,2,1,8
"Click on add specializations button for specific college. ""Enter specializations data, Name - English Name"" Click add button. New specialization has been added to college.",1,0,1,0,2,1,1,0,2,1,0,1,0,2,2,1,0,3
User enters the articles page. The system creates and presents an alphabetical list of all active articles. The Editor selects the article to update. The system presents the information about the article in grid format. The Editor updates the information the article and resubmits the form. System saves the article information.,4,2,1,2,9,6,3,0,9,2,1,1,2,6,4,1,0,5
Open add psychological support student session page. Enter psychological support student session information. Click Add button,1,0,0,0,1,1,0,0,1,1,0,0,0,1,2,0,0,2
Click to pick file button. Select the file. Upload the thesis work.,1,0,0,0,1,1,0,0,1,1,0,0,0,1,1,1,0,2
"The cooperative member clicks the “Register Fisherman” button. The system displays the registration page. There are text boxes for fisherman’s information such as name, surname, bank account. The cooperative member enters the information that was obtained. The cooperative member clicks the submit button. The system creates a username and password for the fisherman and displays it on the page. The fisherman registered the system. System warns the user when the user clicks on submit.",2,0,1,2,5,4,1,1,6,3,1,1,3,8,5,2,1,8
Open add graduation request page. Enter required data. Click add button. System save graduation request data information,1,0,1,0,2,1,1,0,2,1,0,1,0,2,2,1,0,3
Open Profile page. Enter new full name or email or phone or mobile or mobile2. User can upload profile image. Click edit button. System saved profile changes,1,0,1,0,2,1,1,0,2,1,0,1,1,3,2,1,0,3
"Users enters the library management system and cliks ""Search"" from the top. User enters the author name which s/he wants to search to the text input field.User selects the “search by author” option from the select box. User clicks the search button.  System show a “Book is available” message and book information on the screen. If book is not found system prints “Book is not available” message for search result.",1,1,0,1,3,2,0,0,2,3,1,1,1,6,4,1,0,5
Student views all advisors’ research information on the system. Student determines an advisor to propose. Student goes to advisor’s profile.  Student clicks to proposal button to send a proposal to the advisor. Advisor either accepts the proposal (continue normal flow) or rejects the proposal (return to step 2),2,1,0,1,4,3,1,0,4,2,0,0,1,3,3,1,0,4
"User clicks on “Edit Profile” button. User redirected Edit Profile page which includes all information about the user. User chooses to change  any part that he wants to change. After user finishes his edit process, he clicks “Save” button. System saves the user profile changes.",2,0,1,1,4,3,2,0,5,3,0,1,1,5,4,1,0,5
User clicks another user profile. The application shows the user's profile. User clicks block button. The application shows warning dialogue which asks “Are you sure to block this user”. User click YES. System updates the blocked users info. The application shows successful message.,2,1,1,2,6,4,2,0,6,2,0,1,1,4,4,1,0,5
Open album details page. Press add item button. Enter item title. Attach item files. Enter item URL. Click add button,1,0,0,0,1,1,0,0,1,1,0,0,0,1,2,1,0,3
Display all users. Click manage permission button for specific user. System open manage user permission page. Actor can change user role. User can check or uncheck permissions. Click Save button. User permissions change is saved,2,1,1,1,5,3,2,0,5,3,1,1,2,7,4,1,0,5
Open student postpones requests page. System shall display student postpone requests data,1,1,0,1,3,2,1,0,3,1,1,0,1,3,2,1,0,3
Open student warning requests page. System shall display student warning requests data,1,1,0,1,3,2,1,0,3,1,1,0,1,3,2,1,0,3
"The fisherman selects payment transactions. The system redirects the fisherman to the payments transactions. The fisherman enters credit card information which are the name of the user of the credit card, credit card number, expiration date and CVC.",2,0,0,1,3,3,0,0,3,1,1,0,1,3,3,1,1,5
Registrar enters the delete command for the selected Student. C-Reg checks if the Student has a Student Schedule. C-Reg prompts the Registrar to confirm the deletion. The Registrar confirms the deletion of student. C-Reg deletes the Student details. Display error message.,2,1,1,2,6,4,2,2,8,2,0,1,2,5,3,1,0,4
System produces a list of qualified and available academic personnel. The student selects a preferred advisor from the list and attaches a message if they wish to and sends request. The system calls “Send e-mail” use case. System notifies the student and student repeats first step.,1,1,1,3,6,4,3,1,8,1,0,1,1,3,3,1,0,4
Open all focus groups list page. Click on details button for focus group. System will display focus group details page,1,1,0,1,3,2,1,0,3,1,1,0,1,3,2,1,0,3
"Open universities financial statements page. Click details button for specific financial statement. System shall Open financial statement details page. System shall display students in the university financial statements. For each student, system shall display Academic ID, Student Name, Hour cost, Hours count, Study Fees, Constant Fees, Service Fees, Previous credit, Student Payments, Student Credit, Total, Edited Total, Total ($)",2,1,0,1,4,1,1,0,2,1,1,0,2,4,3,1,0,4
User clicks “New Project” button. A window that contains the details of the project will appear. User selects Source and Destination folders of AJCON. User confirms by clicking “Confirm” button. System saves the project to the database.,2,0,1,0,3,2,1,0,3,3,0,1,1,5,3,1,0,4
The web app receives the waiter requests. The admin selects to view the item families list. The web app retrieves the item families list. The web app displays/sends the item families list. The web app displays/sends Error/Confirmation messages.,1,1,0,1,3,2,1,0,3,1,1,0,1,3,3,1,0,4
Open display internship page. System shall display all internships,1,1,0,1,3,2,1,0,3,1,1,0,1,3,2,1,0,3
Open add role page. Enter role name. Select role permissions. Click Add button. New role is saved in the system.,1,0,1,0,2,1,1,0,2,1,0,1,0,2,1,1,0,2
Cooperative worker opens the app. Cooperative worker clicks the Fish Baskets button. System redirects the cooperative worker to the fish baskets page. Cooperative worker clicks the “Create new basket” button. System opens a “basket information” window. Cooperative worker enters the title of the basket. Cooperative worker enters the types of fishes. Cooperative worker enters the quantities of the fishes. Cooperative worker enters the base price of the basket. Cooperative worker links the basket to its captain. Cooperative worker clicks the finish basket button. System saves the basket. System redirects to the fish baskets page.,3,1,1,2,7,5,2,0,7,3,0,2,3,8,5,2,0,7
"Cooperative clicks “Show Detailed Report” to show auction's report. After clicking, the final price is calculated and the information is written into the detailed report.",1,1,0,1,3,2,1,1,4,1,0,0,1,2,2,1,0,3
The user chooses the “Confirm” button to confirm the schedule that content manager organized. System updates the schedule status. The user chooses the “Publish” button to publish the confirmed schedule to the site. System updates the schedule status.,2,0,2,0,4,2,2,0,4,3,1,1,1,6,3,1,0,4
"GSA selects the necessary form inputs the create application form. GSA clicks on the ""Confirm"" button.  Website publishes the application detail information publicly. Website redirects the GSA to a relevant success page.",1,0,1,1,3,2,1,0,3,1,0,0,1,2,3,1,0,4
Open report page. User choose filter. System shall display report data. User can export report as pdf or excel sheet User can print report User can save a copy of report with different name New report has been created with new name,4,1,1,1,7,5,2,0,7,2,1,1,1,5,3,1,0,4
"The system presents a blank grid to enter the author information. The Editor enters the information and submits the form. The system checks that the name and email address fields are not blank and updates the database. either field is blank, the Editor is instructed to add an entry. No validation for correctness is made.",1,1,0,1,3,2,1,0,3,2,1,1,2,6,3,1,1,5
Open display cycles page. System shall display all cycles,1,1,0,1,3,2,1,0,3,1,1,0,1,3,2,1,0,3
EABDB clicks the pending request module. System open requested module page EABDB passes the anti-spam field. EABDB selects the status of the module as ‘approved’. EABDB selects the status of the module as ‘not approved’. EABDB clicks the save changes button. System transfers this operation to EABDB pending requests’ outbox. System transfers this operation to student pending request’s inbox. System sends a notification to student. System send a notification to advisor and student about correction.,2,1,2,2,7,4,3,0,7,3,1,2,3,9,5,2,0,7
"Student click student button. The system shows the student login page. Student fill the e-mail field and password fields. Student click the login button. If student e-mail and password are correct, system shows the homepage If student forget password, student click the forget password button system shows password change interface.",4,1,0,3,8,7,1,1,9,3,1,0,3,7,5,2,1,8
"After Grad school has reached “Applicants” page, presses “Control the documents” button. From the ""Control the documents"" that allows to view the application details, user check all documents. For accepted documents, user presses “accept” button. Row related to applicant and the column related to file in “Control” table in database updates as 1(binary). For missing files, user presses “warn applicant” button. Row related to applicant and the column related to file in “Missing Document Check” table in database updates as 0 (binary). The system sends a notification to applicant about control status.",3,0,1,1,5,3,0,0,3,3,1,1,2,7,4,2,1,7
EABDB clicks the pending request module. System open requested module page. EABDB passes the anti-spam field. EABDB selects the status of the module as ‘approved’. EABDB selects the status of the module as ‘not approved’. EABDB clicks the save changes button. System transfers this operation to EABDB pending requests’ outbox. System transfers this operation to student pending request’s inbox. System sends a notification to student. System send a notification to student about correction.,2,1,2,2,7,4,3,1,8,3,1,2,3,9,5,2,0,7
Display all users. Click view logs button for specific user. System open user log page. System view last actions done by user.,1,2,0,2,5,3,2,0,5,1,1,0,2,4,3,1,0,4
User clicks delete button of the related API key. System deletes the related API key.,1,0,1,0,2,1,1,0,2,1,0,1,0,2,2,1,0,3
"Customer enter firstname, lastname, telephone number, email address and click submit button after that system displays payment page",1,0,0,0,1,1,0,0,1,1,1,0,1,3,2,1,0,3
The cooperative head checks the situation about the auction from the system. Auction is started by the Admin. Notification about the starting of the auction is sent to all users by the system when Admin triggers it by starting the auction. Stream is made available for all the users by the Admin The auction is delayed until the problem is solved. Users are sent a notification about the  problem. Users notify the system. System notifies the cooperative head.,3,0,0,3,6,6,0,1,7,3,0,1,3,7,5,2,1,8
Open Display transportation matrix page. System shall display transportation matrix. System shall display transportation cost from Student Region and Branch Region.,1,1,0,1,3,2,1,0,3,1,1,0,1,3,2,1,0,3
Tenant clicks the “Sign-In” button. Tenant fills the fields with his/her credentials.Tenant clicks the “Sign-In” button. System verifies credentials of the tenant shows relevant page. Tenant selects a Varuna trigger the step for flow by clicking the trigger. System shows relevant trigger page.,2,1,0,2,5,4,1,1,6,3,0,0,2,5,4,1,0,5
"Admin logs into the system with his/her username and password from his/her own admin panel successfully. Admin, through his/her own panel, to students and staff announces that it will start the election from the announcements section Voting interface and system database are checked once again. (See 2.1). The Voting interface has been initialized. The Voting system has been initialized. Students can start voting for Department Student Representative Election System. The system starts to save the votes to the database.",3,0,1,0,4,4,1,0,5,2,0,1,2,5,4,1,1,6
"User clicks on the “forgot my password” button. Password reset interface shows up, the user will be asked to enter his/her registered email address. User enters his/her registered email. User clicks ""reset password"" button. System sends password reset email to the corresponding user’s email address. User clicks on the link in the verification email. User is directed to a page where he/she can enter his/her new password.",4,1,0,3,8,7,1,0,8,3,0,1,2,6,4,1,1,6
"User clicks on the ‘Application Status’ button, displayed on the left of the screen. System shows his/her application status. If the interview is set by the department it is shown right below the application status information. If the interview is not set yet, then an indicative message is displayed instead.",1,0,0,2,3,2,2,1,5,1,1,0,1,3,2,1,1,4
Grad school checks the applicants page by clicking control the documents. Application's documents are displayed Views all the documents to verify that is connected to applicant. Verified documents checked with “Accept” button. Applicant is accepted after all documents has accepted,2,1,1,1,5,3,2,0,5,2,0,1,1,4,2,1,0,3
Secondary Care EHR System generates a discharge letter and shows this in editable form to the specialist. Specialist edits the automatically generated document. The GP selects the patient in his / her healthcare information system. Specialist saves the Referral letter. The Secondary Care EHR System sends the discharge letter to the Primary Care EHR System of the referring GP,1,0,1,2,4,3,1,0,4,2,1,2,3,8,4,2,0,6
"User selects ""Events"" tab. System gathers all the events from database. System lists all the events in a new page. User presses ""Create New Event"" button. System opens a page for the following command where it asks for information for regarding event. User , then, enters details such as description of the event, type of event, date, time, fee (if there is one enters price, if there isn't leaves empty) etc. System takes all the gathered information and checks the data if it is valid. Stores details of the event in database.",3,1,1,2,7,5,2,1,8,2,1,1,2,6,4,2,1,7
"DA clicks on the ""Review"" button next to applicant's name. Website renders the application file control page. GSA clicks on the ""Confirm All"" button. Website sends the application file to the department. Website redirects GSA to the relevant success page",2,1,0,2,5,4,1,1,6,1,0,0,1,2,2,1,0,3
Discuss and determine T.S.S. Jury and Date with Student. Fill the Thesis Defense Jury Appointment Form and submit. T.S.S. Jury accept or reject the proposal.,1,0,0,0,1,1,0,0,1,1,0,0,0,1,1,1,0,2
User presses ‘Print Current Invoice’ for the customer whose details are displayed. System searches for the selected customer in order to find any bookings that have status ‘rented’ (so not yet ‘invoiced’). System retrieves bookings for the customer that must be invoiced. System displays invoice header and account summary details. System displays data for each invoiced booking.  An error message will be issued if no invoice is due.,1,1,0,1,3,2,1,1,4,1,1,1,2,5,3,2,1,6
"The Use Case starts when user opens the manage e-mail page. System shows a list of emails. The user selects e-mails from the e-mail list located left on the page.The user click delete button. The data gets removed from database, the system shows a success message.",2,1,1,2,6,4,2,0,6,1,0,1,2,4,3,1,0,4
"Customer enters arrival and departure dates. System displays available rooms along with the prices. If customer doesn’t enter any date, system by default takes “today” and “tomorrow” for arrival and departure dates, and base on these dates displays available rooms along with the prices,  Customer sees the displayed Total price of the room he/she is going to reserve. Customer agrees with terms and conditions by reading them and clicking a checkbox. Customer clicks “Continue” button to proceed to confirmation page",2,1,0,1,4,3,1,0,4,2,1,1,2,6,3,1,0,4
System shall display Alumni developing (International opportunities) basic information,0,1,0,1,2,1,1,0,2,1,1,0,1,3,1,1,0,2
Department opens verified applications page. Choose an application for the set it’s interview date and location after that clicks the set interview button. Sets the date and location. Clicks the set button. Interview information been added interview table on database.,1,0,1,0,2,1,1,0,2,2,0,1,0,3,2,1,0,3
The system requests that the actor enter his/her username and password. The actor enters his/her name and password. The system validates the entered name and password and logs the actor into the system.,1,1,0,2,4,3,1,0,4,1,1,0,2,4,2,1,1,4
Display all scholarship freezing requests. Click delete button for specific student warning requests. Confirm message is shown. Click Ok button. Scholarship termination has been approved.,1,0,1,0,2,1,1,0,2,1,0,1,0,2,1,1,0,2
"Open scholarship termination page. Click details button for specific scholarship termination. System shall open scholarship termination details page. System shall display student name, university, branch, college, specialty, level, phase, batch. System shall display all previous alerts, warning and freeze decisions for student. System shall display decision date, notes and attach files",1,1,0,1,3,1,1,0,2,1,1,0,1,3,2,1,0,3
Student enters his/her login information. Student submits his/her login information. Student is directed to the student dashboard.,1,0,0,1,2,2,0,0,2,1,0,0,1,2,2,0,0,2
Base price for the fish is displayed. Bid is given by the customers (UC-5). Cooperative manager clicks the Approve Sale button. Payment process is done (UC-6). Winner is identified and displayed on the screen. Database is edited.,2,1,2,3,8,5,3,2,10,1,0,1,1,3,2,1,0,3
Student chooses the option that indicates they will try to withdraw from the candidacy System notifies the Secretary about Candidacy withdrawal of the student,1,0,0,1,2,1,1,0,2,2,0,1,1,4,2,1,0,3
Enter username and password. The mobile app provides waiter data to the web app. The mobile app receives user state (Connected/Not connected). The mobile app displays the userstate (Connected/Not connected). The mobile app receives the Error/Confirmation message. The mobile app displays Error/Confirmation messages from the web application.,1,2,0,3,6,4,2,0,6,1,1,1,2,5,3,1,1,5
"The user clicks on “Settings” icon. System shows the settings page. The user chooses the ""Change Password"" option. The system redirects the user to the new page. The user enters his/her old password, new password and again new password for validation.The user clicks on the ""Save"" button to save password change. The system verifies saves new password The system sends a notification mail to the users' email address. The system sends the users password to his/her email address",2,1,1,3,7,5,2,2,9,3,1,1,3,8,5,2,1,8
Open display Meeting requests page. Click on Meeting request name or details button. System open Meeting request details page,1,1,0,1,3,2,1,0,3,1,1,0,1,3,2,1,0,3
"Advisor submits the testament through the system. Student, advisor and jury perform T.S.S. Jury publishes the result. System notifies the Student Affairs Office about the result. Student prepares final Thesis copy.",2,0,0,1,3,3,1,1,5,2,0,1,0,3,2,1,0,3
Advisor select the inbox button system shows the inbox Advisor click the system message. Advisor fill the anti-spam field. Advisor submit approved in status field for module. Advisor submit for correction. System transmits this operation to EABDB pending requests’s inbox to approve. System transmits this operation to student pending requests’s inbox to approve. System transmits this operation to advisor pending requests’s outbox. System send a notification to EABDB and student.,4,0,3,2,9,6,3,0,9,3,1,2,3,9,5,3,0,8
User selects the ‘Enter assessment results’ section on his/her dashboard. System directs the user to the corresponding page in which he/she can select students to be accepted. User provides the results to the system by selecting the applications that will be accepted. User clicks on the ‘Submit results’ button. System saves selected applicants result,3,0,1,1,5,4,1,0,5,2,0,1,2,5,3,1,0,4
"After the sale of the previous fish, the cooperative head clicks the “next sale” button. The system brings up the page where the cooperative head can check the preparation stage. There is live stream and fish information displayed on the page. The cooperative head checks the compatibility of information and live streams. When everything is settled and matched, the cooperative head clicks the “start” button that starts the bidding process. The system displays the end of the auction interface.",2,1,0,3,6,5,1,0,6,3,1,1,3,8,4,1,0,5
"User enters the society members page. The system accesses the Historical Society (HS) database and presents an alphabetical list of the society members. The Editor selects a member. If there is no email address in the HS database, the editor is prompted for an entry in that field. The editor fills email entry with the member's email The information is saved into the AM database. if there is no entry for the email address in the HS database or on this grid, the Editor will be reprompted for an entry. No validation for correctness is made.",3,3,0,3,9,5,3,1,9,2,1,1,2,6,3,2,1,6
"User clicks on the “choose file” button on the upload document field. File explorer window for user’s device shows up. User chooses his/her documents from his/her device. System uploaded documents User realizes the upload is done when the file name appears instead of ‘Choose a File’ text. User clicks on the submit application button. System saves the documents and additional information provided, and displays a message indicating the success of the transaction of the user.",2,0,2,1,5,3,2,0,5,2,0,2,1,5,4,1,0,5
Grad school views the previously confirmed applications. Grad school clicks the send button. Department gets the informations.,1,0,0,1,2,2,0,0,2,1,0,1,0,2,1,1,0,2
The user enters credit card information and amounts of money to deposit. The system checks credit card information and budget. Money deposit to account.,1,0,1,0,2,1,1,1,3,1,0,0,1,2,1,1,1,3
Open display partners page. Click on partner name or details button. System open partner details page,1,1,0,1,3,2,1,0,3,1,1,0,1,3,2,1,0,3
Display all student postpone requests. Click approve button for specific student postpone requests.  Confirm message is shown. Click Ok button. Scholarship termination has been approved,1,0,1,0,2,1,1,0,2,1,0,1,0,2,1,1,0,2
"Display all roles. Click delete button for specific role. Confirm message is shown. Click Ok button. Role has been deleted. System update user permission based on deleted role. Users have only the deleted role, their role replaced with the default role (user).",1,1,1,2,5,1,1,0,2,1,0,1,1,3,2,1,0,3
Display all trainings. Click edit button for specific training. System open training edit page. User can edit training information. Click Save button,2,1,0,1,4,3,1,0,4,2,1,0,1,4,2,1,0,3
"Open scholarship freezing requests page. Click details button for specific scholarship freezing requests. System shall open student warning requests details page. System shall display student name, university, branch, college, specialty, level, phase, batch. System shall display all previous alerts, warning and freeze decisions for student. System shall display decision date, notes and attach files",1,1,0,1,3,2,1,0,3,1,1,0,1,3,2,1,0,3
Display all assets. Click edit button for specific asset. System open asset edit page User can edit asset information. Click Save button,2,1,0,1,4,3,1,0,4,2,1,0,1,4,3,1,0,4
The Editor selects the article. The system presents an alphabetical list of reviewers with their information.,1,1,0,1,3,2,1,0,3,1,1,0,1,3,1,1,0,2
Jury clicks modules button. System shows the modules submenu. Advisor clicks Module Notification. System open Module Notification. Jury fills the name and surname field. Jury fills the student ID field. Jury fills the date field. Jury selects the reached decision. Jury selects the method examination. Jury selects the exam result. Jury selects the Program Name and Status. Each Jury selects a field from table. Jury fills the title field. Jury fills the first name field. Jury fills the last name field. Jury fills the first institutions field. Jury fills the last department field. Jury selects the signature box field for signature. Jury passes the anti-spam field. Jury clicks the save changes button. System transfers this operation to EABDB pending requests’ inbox to approve. System transfers this operation to jury pending requests’ outbox. System sends a notification to student.,3,2,2,3,10,6,4,0,10,3,2,2,3,10,5,3,1,9
Open display focus group page,1,0,0,0,1,1,0,0,1,0,0,0,0,0,1,0,0,1
User clicks “Remove Project” button. System deletes the project. Project will no longer exist in the refreshed list.,2,0,1,0,3,2,1,0,3,1,0,1,0,2,1,1,0,2
The admin enters the employee to be deleted. The web app deletes the selected employee. The web app displays Error/Confirmation messages.,1,0,1,1,3,2,1,0,3,1,0,1,1,3,1,1,0,2
Student determines a thesis topic. Student goes to his/her advisor’s profile and clicks the TOPIC PROPOSAL button. Student explains his/her thesis topic and clicks PURPOSE button to submit. Advisor either accepts the proposal (continue normal flow) or rejects the proposal (return to step 1),2,0,0,0,2,2,0,0,2,2,0,0,1,3,2,1,0,3
Jury clicks modules. System shows the modules submenu. Advisor clicks Module Notification. System open Module Notification. Jury fills the name and surname field. Jury fills the student ID field. Jury fills the date field. Jury selects the exam result. Jury fills the title field. Jury fills the member first and last name field. Jury fills the member title field. Jury fills the member institution field. Jury fills the member department field. Jury fills the member department field. Jury passes the anti-spam field. Jury clicks the save changes button. System transfers this operation to EABDB pending requests’ inbox to approve. System transfers this operation to jury pending requests’outbox. System sends a notification to student.,3,2,2,3,10,6,4,0,10,3,1,2,3,9,5,3,1,9
"Voting system ends The data of the votes are taken from the database. Since a sufficient majority is not achieved, a decision is made to hold a re-election. Voters will be informed via email about when the next election will be held. Voting system re-initializes. (See 3.1.4.3) A quorum is obtained, and a representative is elected.",3,1,0,3,7,2,4,2,8,1,0,1,1,3,2,1,0,3
This profile collects the different result documents and shows the combined information in a format that is recognised by the requesting physician.,0,1,0,1,2,1,1,0,2,1,1,0,1,3,1,1,0,2
Cooperative clicks “Create catalog” button. Catalog section displays. Cooperative enters necessary information about fishes to the opened pop-up. Cooperative clicks the “Save” button. System saves the data.,3,0,1,1,5,4,1,0,5,2,0,2,1,5,2,1,0,3
Open add room page. Enter rooms information. Click add button. System save information and redirect to display all rooms page,1,1,0,1,3,2,1,0,3,1,0,1,1,3,1,1,0,2
"Open add student bridging requests page. Enter student name (Input should be auto complete). System shall fetch student information from database. System shall display, Name - University - Branch - College - Specialty - Level - Phase - Batch"". System shall display Academic year and semester. System shall display all previous alerts, bridging requests and freeze decisions for student. User add student required data. User add decision date. User can add notes. Attach required files. Click add button",1,1,0,1,3,3,1,0,4,2,1,0,1,4,3,1,0,4
The system notifies the users that the stream is on and auction time has arrived. The system displays a button to enter the auction. The buyer presses the button and enters the auction. The buyer informs the system. The system sends feedback to admin. Admin sends stream link to the buyer again.,2,0,0,2,4,5,0,0,5,1,0,1,2,4,3,1,1,5
OFAS directs the cooperative staff to the contact activity interface. Cooperative staff selects the contact request. OFAS directs the cooperative staff to a related chat interface. Cooperative staff fills the message section. Cooperative staff selects the send button. Cooperative staff ends conversation. OFAS clear conversation. OFAS directs the cooperative staff to the previous interface.,2,0,2,3,7,5,2,0,7,1,0,1,3,5,4,1,0,5
EABDB click the pending request button. System open request module page EABDB select the inbox button. System shows the inbox. EABDB click the system message. EABDB control students informations. EABDB fill the anti-spam field. EABDB submit approved in status field. EABDB submit for correction in status field. EABDB click the save changes button. System transmits this operation to EABDB pending requests’s outbox. System transmits this operation to student pending requests’s inbox. System send a notification to advisor and student. System send a notification to advisor and student about correction.,4,0,2,3,9,7,2,0,9,3,1,2,3,9,5,3,1,9
"Open add new student page. Enter personal information, famil information, academic information. Attach required files. Click save button New student page is added",1,0,1,0,2,1,1,0,2,1,0,1,0,2,1,1,0,2
Display all contacts. Click delete button for specific contact. Confirm message is shown. Click Ok button. Contact has been deleted. Contact would not delete from training and activities he participated in. Contact would not show in contact list and cannot participate in any new training or activities.,1,1,1,2,5,3,2,1,6,1,0,1,1,3,1,1,0,2
"Customer asks for assistance. The system displays all product lines, and provides space for the customer to type a (optional) question. The customer selects the product line(s) he is interested in and may enter a question. The system asks for a name, email address and zip code. The customer enters name, email address and zip code. The system selects a sales agent based on the customer's location and product lines selected in step 2. The system displays message informing the customer of which agent will be in contact. The system sends the request information to the selected sales agent. It stores the request information for registered customers.",2,1,1,2,6,4,2,1,7,3,2,1,3,9,5,3,1,9
Open display all international opportunities page. Click on details button. System open international opportunities details page. Click on approve button International opportunity has been approved,2,0,1,0,3,2,1,0,3,1,1,1,1,4,2,1,0,3
Open display career day page. System shall display all career days,1,1,0,1,3,2,1,0,3,1,1,0,1,3,2,1,0,3
The admin enters the table to be deleted. The web app deletes the selected table. The web app displays Error/Confirmation messages.,1,0,1,1,3,2,1,0,3,1,0,1,1,3,1,1,0,2
Open sent message or received message page. Click on flag icon. Flag added to message.,1,0,1,0,2,1,1,0,2,1,0,0,0,1,1,1,0,2
Fisherman clicks the sale history tab that displays his sales and his income from the sales. System display fisherman outline page. Fisherman views his/her sales and income.,1,1,0,1,3,2,1,0,3,1,1,0,1,3,2,1,0,3
Tenant fills the fields with his/her credentials. Tenant clicks the “Sign-In” button. System verifies credentials shows relevant page. Tenant enters the page that can create flows. Tenant clicks the button “Add New Step”. Tenant finds the “Varuna” in the “Connectors” list. Tenant clicks an action from the list of actions of “Varuna”. Tenant fills the fields with related data to get a document. Tenant clicks the “Save” button to save flow. System saved the new flow,2,1,1,1,5,3,2,1,6,3,0,1,1,5,3,1,0,4
"Applicant fills the given form by the system with correct and up-to_x0002_date information. Clicks on the ‘Next’ button. System directs the user to the next application page in which the user is asked to provide his/her related documents along with additional information. User selects his/her citizenship and working status. Uploads all required documents. Clicks on the submit application button. System saves the documents and additional information provided, and displays a message indicating the success of the transaction of the user.",2,0,1,2,5,4,0,0,4,2,0,2,2,6,4,1,1,6
Open add Al Fakhoora house visits page. Enter Al Fakhoora house visits information. Click Add button,1,0,0,0,1,1,0,0,1,1,0,0,0,1,1,0,0,1
Open add complain page. Choose complain or suggestion. Enter Title. Choose User to send to (Please use select input with auto complete). Attach some files if needed. Enter message body. Click Add button,1,0,0,0,1,1,0,0,1,1,0,0,0,1,1,1,0,2
"The user ticks the courses to offer. The user chooses ""Apply Offered Courses"" option. System saves offered courses info to the database. The system refreshes the course list page with new data.",1,1,1,1,4,2,2,0,4,1,0,1,1,3,2,1,0,3
"User clicks on the “forgot my password” button. Password reset interface shows up, the user will be asked to enter his/her registered email address. System sends password reset email to the corresponding user’s email address. User clicks on the link in the verification email to be directed to a page where he/she can enter his/her new password.",2,0,0,1,3,3,0,1,4,2,0,1,2,5,3,1,1,5
"Open add scholarship freezing page.  Enter student name (Input should be auto complete). System shall fetch student information from database. System shall display, Name - University - Branch - College - Specialty - Level - Phase - Batch"". System shall display Academic year and semester. System shall display all previous alerts, warning and freeze decisions for student User add decision date. User can add notes. Attach required files. Click add button",1,1,0,1,3,3,1,0,4,2,1,0,1,4,3,1,0,4
Voter enters the voting interface. System lists the candidates. Voter casts their vote by clicking on a picture of one of the candidates. Voter confirms selection. System saves selection to the database. Voting process ends.,4,1,1,1,7,5,3,1,9,2,0,1,1,4,3,1,0,4
User selects a customer from the displayed list by pressing a radio button. System searches the customer file for the selected customer ID. System searches to see if the customer has any bookings. System displays customer summary data. System displays current booking(s) for the customer.,1,1,0,1,3,2,1,0,3,1,2,0,2,5,3,1,1,5
"User can see personal information of the applicant. User can click the open buttons of the given documents. System opens the document in a new tab. To set an interview, user can click the “set an interview” button if the interview hasn’t been set before (otherwise set an interview button is disabled). To cancel an interview, user can click the “cancel the interview” button.",2,1,0,1,4,3,1,0,4,3,2,1,3,9,3,2,1,6
"User clicks “Schedule” from navbar. User clicks the timeline.User locates, drag-drop tasks in the timeline",1,0,0,0,1,1,0,0,1,1,0,0,0,1,1,1,0,2
Homepage is displayed for the cooperative head. Cooperative head clicks the create code tab. System creates an authorization code for the cooperative member to sign in. Cooperative head clicks the refresh button to generate new codes.,2,0,1,2,5,4,1,0,5,1,0,1,2,4,3,1,0,4
User presses assessment results from his/her dashboard. A new interface shows up with a list of departments that have submitted their assessments. After the user chooses a department System displays another interface that takes place where there is a list of chosen students. The user clicks button named “Submit All Results” to confirm and then announce the results. Also there will be a pop up that double checks user that they’re sure to do that. After the user has confirmed the process. Each chosen applicant will be informed with an automatic email.,4,3,1,3,11,7,4,0,11,3,1,1,2,7,3,1,1,5
"The system connects to the WMS. The system fills in the destination e-mail and subject line, attaches documents if there are any, produces a brief explanation/description regarding why the e-mail was sent. The system sends the e-mail. The system stores the e-mail’s contents.",0,0,1,1,2,1,1,1,3,1,1,1,2,5,2,1,0,3
Display all activities. Click add evaluation for specific activity. System open add activity evaluation page. System shall display all students take the activity User select survey. User select student. Click Send survey button. System shall send survey link to all selected students,2,2,0,2,6,4,2,1,7,2,1,0,2,5,4,2,0,6
Open add career day page. Enter career day information. Click add button. System save information and redirect to display all career days page,1,0,1,1,3,2,1,0,3,1,0,1,1,3,1,1,0,2
Open all committee meetings page. Click delete button for specific meeting. Confirm message is shown. Click Ok button. Meeting has been deleted,1,0,1,0,2,1,1,0,2,1,0,1,0,2,1,1,0,2
"The Use Case starts when user opens the import file page.  The user selects a CSV file data that consists of e-mail addresses, and clicks import button. Data gets saved to database, the system shows a success message.",1,0,1,1,3,2,1,0,3,1,0,1,1,3,2,1,0,3
"Open import students page. Click import from selection website button. System display added students, the number of added students and total number of students",1,1,0,1,3,2,1,0,3,1,1,0,1,3,2,1,0,3
"Finally, the user clicks on the ‘Submit Result’ button. A new interface shows up with a list of departments that have submitted their assessments. User chooses a department from list. After the user chooses a department there will be another interface that takes place where there is a list of chosen students and a button named “Submit All Results” to confirm and then announce the results. Also there will be a pop up that double checks user that they’re sure to do that.",1,2,0,2,5,3,2,0,5,2,0,1,1,4,3,1,0,4
"Open add new financial statement. User enter required data. User select university, academic year, semester. System saved new financial statement. System add note currency is JOD. System display USD Ex-Rate based on global API. User can change USD Ex-Rate. Modified USD Ex-Rate is saved User click show students button. System shall display all students in the selected university and registered in selected semester. For each student, system shall display Academic ID, Student Name, Hour cost, Hours count, Study Fees, Constant Fees, Service Fees, Previous credit, Student Payments, Student Credit, Total, Edited Total, Total ($) User add required data. User can save financial statement and continue editing it. Financial statement is saved User can save each student record while entering data, so more than one user can work on the same financial statement. User click save button after any add or edit. Financial statement change made by user are saved User click finish button at the end of adding process so administrator can approve it New statement is updated with all changes User can import excel file for the financial statements System should compare data from the excel sheet with data saved in system and mark conflicts student row with red color System notify administrator to approve financial statements",8,2,6,4,20,10,7,2,19,3,2,2,3,10,5,3,1,9
"Customer sees information displayed, entered by customer on check availability page, room selection page, customer details page and payment page. Customer checks entered information and confirms if information is correct. Customer clicks confirm button. Customer is redirected to homepage. System sends confirmation e-mail with information displayed on confirmation page to customer.",1,2,0,2,5,3,2,1,6,1,0,1,2,4,3,1,1,5
Admin logs into the system with his/her username and password from his/her own admin panel,1,0,0,0,1,1,0,0,1,1,0,0,1,2,1,0,0,1
"Open display universities and branches page. Click on add branch button for specific university ""Enter branch data, branch Name - branch English Name - Region"" Click add button. New branch has been added to university.",1,0,1,0,2,1,1,0,2,1,0,1,1,3,1,1,0,2
"Open display all student warning requests page. Click edit button for specific student warning request. System shall open edit student warning requests page.  System shall fetch student and student warning requests information from database. System shall display data fetched User can edit decision date, notes and attach files. Click save button",2,1,0,1,4,3,1,0,4,2,1,0,1,4,4,1,0,5
Open calendar page. Click on event name or edit button for specific event. System open event edit page. User can edit event information. Click Save button. Existing event editted,1,0,1,0,2,1,1,0,2,2,1,1,1,5,2,1,0,3
"After applicant has pressed the “apply” button. Applicant is directed to the  “Upload Documents” page. For all specific requirements, (ALES result, passport copy, etc.) the applicant checks the related checkboxes according to his/her application. The applicant presses the “Choose a File” button that has been opened after “checkbox pressing” or already accessible for compulsory required files and upload relevant documents. After each step system records all uploaded files to database using database-connection. After applicant has uploaded all required files (completing 4 steps of upload file page), presses the submit button. System stores all data such as pdf, jpg/jpeg files with “BLOB” data type in database. System posts notification to applicant that includes message “Your application has been received.”",3,0,2,2,7,4,2,0,6,3,0,1,2,6,4,2,1,7
The mobile app selects to view the tables list. The admin selects to view the tables list. The web app retrieves the Tables list. The system displays / sends the Tables list. The web app displays Error/Confirmation messages.,1,1,0,1,3,2,1,0,3,1,1,1,1,4,2,1,0,3
Open display album page. User could order album by date or name,1,0,0,0,1,1,0,0,1,1,0,0,1,2,1,1,0,2
The web app receives the waiter request. The admin selects to view the items list. The web app retrieves the items list. The web app displays/sends the items list. The web app displays/sends Error/Confirmation messages.,1,1,0,1,3,2,1,1,4,1,1,1,1,4,2,1,0,3
"System shows a form the users can enter and submit their email address and password. User enters his/her email address and password, then submits. System checks if any of the users in system’s database has the submitted email address on advisor or student table and if the password matches to the email address valid email address and password pair (successful login).  A new session is created with a limit of 60 minutes.  User is redirected to the user homepage. New user is created in system’s database with the same email address and password.  A new session is created with a limit of 60 minutes. User is redirected to the user homepage.",1,1,2,3,7,4,2,2,8,2,1,1,3,7,4,2,1,7
Page displays pictures of all available rooms. Customer selects room Page displays continue and select button which re-directs customer to details page of rooms. Page displays previous page button and cancel button which directs the customer to home page. Page shall display error message if customer omits to select a room.,1,1,0,3,5,4,1,0,5,2,2,0,2,6,3,1,1,5
User clicks on the ‘Account Settings’ button. Account settings page shows up. User changes his/her personal information related to his/her account or deletes the account. System asks for confirmation for the changes made. User confirms the changes. System saves the changes.,2,1,1,1,5,3,2,0,5,2,0,2,1,5,3,1,0,4
"User selects the ‘Enter assessment results’ section on his/her dashboard. System directs the user to the corresponding page in which he/she can select students to be accepted. Provides the results to the system by selecting the applications that will be accepted, then clicks on the ‘Submit results’ button.",3,0,0,0,3,3,0,0,3,2,0,0,1,3,2,1,0,3
"Time of the auction is up or the cooperative runs out of the fish. Stream is closed by the cooperative head. All the data (highest bid, highest bid owner’s information, sold fish, etc.) about the auction is saved by the system. The necessary information (delivery code, receipt, fish information etc.) is sent as a message and e-mail to the highest bid owner. After the stream is closed, all the users are re-directed to the homepage.",0,1,1,3,5,2,3,1,6,1,0,1,2,4,3,1,0,4
Display all focus groups. Click delete button for specific focus group. Confirm message is shown. Click Ok button. Focus group has been deleted,1,0,1,0,2,1,1,0,2,1,0,1,0,2,1,1,0,2
The system accesses the student’s information via OBS and compares the information to the regulation minimum.  The system calls “Send e-mail” use case and reports the results.,0,1,1,1,3,1,1,1,3,1,1,1,1,4,1,1,0,2
"Advisor click modules. System shows the modules submenu Advisor click Module JA. System shows Module JA submenu Advisor click Jury Appointment button. System open Module JA: Jury Appointment page. Advisor fill the name and surname field. Advisor fill the title field. Advisor fill co-advisor’s name and surname field. Advisor fill the co-advisor’s title field. Advisor fill the student name and surname field. Advisor fill student’s id field. Advisor fill student’s program name field. Advisor choose the face to face for the thesis defense type. Advisor choose the online for the thesis defense type. Advisor fill the place field for the thesis defense. Advisor fill the programme use for online field for the thesis defense. Advisor fill the date field for the thesis defense. Advisor fill the time field for the thesis defense. Advisor fill the name surname, institution and department fields in official members’ field. Advisor fill the name surname, institution and department fields in backup members’ field. Advisor fill the name surname, institution and department fields in jury members from outside IZTECH field. Advisor filled the anti-spam field. Advisor click the save changes button. System transmits this operation to EABDB pending requests’s inbox to approve. System transmits this operation to Advisor pending requests’s outbox. System send a notification to EABDB.",4,2,2,4,12,8,4,0,12,3,1,2,3,9,5,3,0,8
Open Display all focus groups page. Click duplicate button for specific focus group. New focus group has been added with the same criteria,1,0,1,0,2,1,0,0,1,1,0,1,0,2,1,1,0,2
Chooses a date from the calendar. Choses a time for interview. Enters a location. Clicks the “set interview” button to finish the process.,1,0,0,0,1,1,0,0,1,1,0,1,0,2,1,1,0,2
Open add scholarship application page. Choose scholarship type. Enter personal full information. Enter student academic information. Click add button.,1,0,0,0,1,1,0,0,1,1,0,0,0,1,1,1,0,2
The user requests to make an announcement. The system displays a form page to fill out. The user fills the form. The user asks to send the form. The system displays filled form in announcements page.,3,0,0,2,5,5,0,0,5,2,1,0,2,5,3,1,0,4
"Open add universities and branches page. Enter university information, University Name, University English Name, Region. Click Add button. University has been added.",1,0,1,0,2,1,1,0,2,1,0,1,0,2,1,1,0,2
Open add International opportunities application page. Enter student identity. System shall display student information. Enter application required information. Click add button,2,1,0,1,4,3,1,0,4,1,0,0,0,1,1,1,0,2
Tenant clicks the “Sign-In” button. Tenant fills the fields with his/her credentials. Tenant clicks the “Sign-In” button. System verifies credentials shows relevant page. Tenant clicks the button “New Connection”. Tenant finds the “Varuna” in the “Connectors” list. Tenant clicks the “Create” button. System saves new connection and shows relevant page.,2,1,1,2,6,4,2,1,7,2,0,1,1,4,3,1,0,4
Display all calendars. Click share button for specific calendar. Select users to share with. Click Ok button. Calendar has been shared. System notify users shared calendar with.,1,2,0,2,5,3,2,0,5,1,0,1,1,3,2,1,0,3
"The auction page has been displayed to the Customer. Page includes a streaming box that shows the footage of the fish. Also, the system displays information on fish sold at that time. Information includes type, weight, and base price of the fish. The customer clicks the express bid buttons or can enter a custom amount to make a bid. Current price and current buyer is set to the customer’s (the one who gives the highest bid) bid and user name. Step three is repeated until there is no new bid that is offered in  ten seconds.",1,1,1,1,4,2,2,1,5,2,1,1,2,6,3,1,0,4
"Open student warning requests page. Click details button for specific student warning requests. System shall open student warning requests details page. System shall display student name, university, branch, college, specialty, level, phase, batch. System shall display all previous alerts, warning and freeze decisions for student. System shall display decision date, notes and attach files",1,1,0,1,3,2,1,0,3,1,1,0,1,3,2,1,0,3
Display all psychological support student sessions. Click edit button for specific psychological support student session. System open psychological support student session edit page. User can edit psychological support student session information. Click Save button,2,1,0,1,4,3,1,0,4,2,1,0,1,4,3,1,0,4
Display all partners. Click delete button for specific partner. Confirm message is shown. Click Ok button. Partner has been deleted,1,0,1,0,2,1,1,0,2,1,0,1,0,2,1,1,0,2
Enter keyword in search input to search for students. Click search button,1,0,0,0,1,1,0,0,1,1,0,0,0,1,1,0,0,1
Click delete button for specific address. Confirm message is shown. Click Ok button. Address has been deleted.,1,0,1,0,2,1,1,0,2,1,0,1,0,2,1,1,0,2
"The Reader chooses how to search the Web site. The options are by Author, by Category, and by Keyword. If the search is by Author, the system creates and presents an alphabetical list of all authors in the database. In the case of an article with multiple authors, each is contained in the grouped list. The Reader selects an author of an article. The system creates and presents a list of all articles by that author in the database. The Reader selects an article. The system displays the Abstract for the article. The Reader selects to download the article or to return to the article list or to the previous list.",4,3,0,3,10,7,3,0,10,3,2,1,3,9,5,2,0,7
"The user clicks on the ""Forgot Password?"" text. The system redirects the user to the new page. The user enters his/her email address. The user clicks to the send password button.",2,0,0,1,3,3,0,0,3,1,0,0,1,2,2,0,1,3
Open student transference requests page. System shall display student transference,1,1,0,1,3,2,1,0,3,1,1,0,1,3,2,1,0,3
"The Use Case starts when user opens the add course page. The user specifies the areas which are course code, course name, instructors, assistants, course information and press add button. The user enters the code of an already existing course and specifies the other fields. User clicks add button to add the course. The system adds the given information to the database. The system shows a success message. The system shows a failure message indicating that there is already existing course with this course code.",1,0,1,1,3,2,2,1,5,2,0,2,2,6,3,1,1,5
Display all career days. Click delete button for specific career day. Confirm message is shown. Click Ok button. Career day has been deleted,1,0,1,0,2,1,1,0,2,1,0,1,0,2,1,1,0,2
"Open display stationary cost page. System shall display stationary cost basic information, - Academic Year, Semester - University - College (Arabic) - College (English), Amount (NIS) - Rate to USD - Amount (USD)",1,1,0,0,2,2,1,0,3,1,1,0,1,3,2,1,0,3
"The system displays a message called “Sorry, there is no sales record to show yet”. OFAS directs the cooperative staff to Register Fish interface. Cooperative staff fills the necessary information about fish. OFAS shows registration status.",1,1,0,3,5,4,1,0,5,1,0,1,2,4,2,1,0,3
Display all surveys. Click edit button for specific survey. System open survey edit page. User can edit survey information. Click Save button,2,1,0,1,4,2,0,0,2,2,1,0,1,4,3,1,0,4
User clicks “Send message” button. User writes his message. User click send button. System sends the message to the related user.,1,0,1,0,2,1,1,0,2,1,0,0,1,2,2,1,0,3
The admin modifies employee data that can be changed. The web app saves the change. The web app displays Error/Confirmation messages.,1,0,1,1,3,2,1,0,3,1,0,1,1,3,1,1,0,2
The admin changes account type voter to candidate. The system generates a code .,1,0,1,0,2,1,1,1,3,1,0,1,1,3,1,1,0,2
EABDB clicks the pending request module. System open request module page EABDB selects the inbox button. System shows the inbox. EABDB clicks the system message. System shows related module. EABDB approves the deadline extension request. EABDB does not approve the deadline extension request. EABDB filled the anti-spam field. EABDB selects the status. EABDB clicks the save changes button. System transmits this operation to Student’s pending requests’inbox. System transmits this operation to Advisor pending requests’inbox. System transmits this operation to EABDB pending requests’outbox. System send a notification to Student. System send a notification to Advisor. System send a notification to EABDB.,4,3,3,4,14,8,6,1,15,3,2,2,3,10,5,3,1,9
"The user chooses a schedule by years. The system opens a list of courses. The user chooses a course from the course list.  The user clicks on ""Save"" button. The system redirects the user to the weekly schedule page.",2,1,0,2,5,4,1,0,5,1,0,0,1,2,2,1,0,3
Open calendar page. MIS system shall display calendar and events. Calendar default day is today.,1,1,0,0,2,2,0,0,2,1,1,0,1,3,2,1,0,3
Open Display employers page. System shall display employer basic information,1,1,0,1,3,2,1,0,3,1,1,0,1,3,2,1,0,3
"The user chooses the ""Course Management"" tab from the menu.The user chooses “Manage Course” tab from the submenu. The system opens a table that contains a list of courses. The user chooses ""Add Course"" option. The system redirects the user to the new page. The user enters Course Name, Course Code, Instructors, Assistants, Credit, Status and Laboratory information.  The user clicks on ""Save"" button. The system previews the course as in the course list. The user clicks on the ""Confirm"" button. System saves the course information to the database. The system redirects the user to the course list page.",3,1,1,3,8,6,2,0,8,3,0,2,2,7,4,2,0,6
